20
100 25
68 77 25
24 31 36
71 79 55
11 89 79
42 52 97
24 29 93
47 81 98
23 65 32
54 62 94
31 33 44
67 68 60
25 52 33
24 37 87
37 69 11
13 96 15
40 71 29
27 58 58
4 22 38
27 44 99
65 73 84
41 81 19
79 88 77
47 67 57
44 93 30
43 70 52
36 50
23 32 92
23 32 2
20 34 71
24 33 25
15 28 48
19 22 49
2 30 74
8 17 64
1 26 16
29 34 28
3 33 84
23 24 37
13 36 93
5 36 4
20 22 69
7 15 14
23 28 7
24 36 23
21 28 72
7 10 71
6 32 73
13 21 97
12 15 46
27 36 3
4 22 10
14 16 45
18 22 66
1 2 8
14 27 42
17 35 70
2 10 80
2 35 43
27 31 45
15 35 84
5 9 65
13 26 49
17 32 77
17 22 69
6 32 44
7 15 73
31 34 17
11 14 47
6 10 66
20 26 73
10 31 83
4 14 66
21 31 23
2 6 97
15 16 33
19 35 11
57 91
28 56 12
19 52 4
3 56 45
32 52 35
43 46 11
36 40 21
4 17 33
36 41 45
10 29 98
23 56 51
29 48 52
36 40 89
5 44 44
3 29 85
21 31 59
13 22 79
25 38 18
25 46 17
4 21 48
25 43 91
9 30 92
21 29 26
27 47 93
36 38 4
1 5 92
21 46 64
22 29 74
11 40 94
9 32 11
11 29 75
31 44 29
20 28 68
19 39 13
19 43 95
18 54 82
18 27 75
12 53 50
44 55 88
40 44 7
2 14 33
27 49 86
24 26 60
3 24 57
20 31 90
20 48 25
27 41 50
26 46 66
14 44 20
11 44 49
11 16 31
24 30 44
45 55 58
3 51 2
40 57 9
7 47 80
30 43 78
44 53 2
41 42 99
34 48 99
5 10 92
3 11 26
3 34 44
26 37 35
12 32 68
5 34 95
2 31 57
26 32 54
24 51 64
22 31 51
6 8 49
1 56 32
53 57 52
1 16 4
48 51 56
31 34 66
24 36 46
2 17 82
6 9 59
37 44 26
12 30 93
22 54 41
21 28 78
11 50 92
33 47 88
4 36 94
26 31 70
17 39 78
10 33 51
20 28 55
9 28 46
40 46 22
6 2
1 3 2
4 6 1
15 83
2 12 33
4 15 90
14 15 32
6 11 84
9 15 30
1 8 21
11 13 7
5 12 70
7 9 90
1 7 45
8 15 91
8 14 21
6 11 75
10 15 21
3 8 1
12 14 38
3 15 96
11 15 25
10 15 24
3 5 17
5 7 86
6 14 83
12 14 92
4 13 40
2 6 36
7 11 42
1 12 69
7 11 75
1 14 65
12 15 24
13 15 61
2 13 96
3 13 40
1 2 66
2 6 47
11 15 11
3 7 47
6 15 6
10 14 53
7 15 34
1 11 81
3 15 40
10 14 4
2 15 96
6 12 46
9 11 1
2 9 60
1 2 91
1 8 53
4 9 85
1 6 75
3 12 55
1 11 5
3 5 98
7 15 43
4 8 52
7 8 52
9 11 6
2 13 13
2 3 95
8 11 20
1 4 63
5 7 79
10 11 42
7 13 14
4 15 19
5 13 31
1 8 23
10 12 67
2 4 97
1 5 19
5 10 64
2 5 14
9 15 47
4 5 48
2 12 80
1 4 80
4 13 27
11 15 11
5 9 49
2 7 17
4 13 20
6 14 87
95 100
6 9 85
28 31 39
7 15 5
17 36 95
31 39 8
8 37 37
38 55 5
9 43 51
49 59 80
42 43 63
42 46 86
41 79 63
9 30 40
81 87 16
71 93 90
13 27 87
32 50 5
5 13 95
16 37 83
25 75 32
35 81 89
24 38 5
50 60 79
49 94 46
75 90 78
2 8 52
87 93 43
7 94 49
56 78 97
56 72 61
24 92 32
46 54 68
10 16 47
23 45 12
82 95 4
18 60 2
36 71 62
25 77 69
90 95 58
23 77 61
16 89 80
61 90 45
53 71 58
29 48 23
56 72 77
1 76 20
4 15 34
32 68 51
55 93 55
18 69 12
4 80 68
46 58 73
24 34 8
27 48 66
16 34 7
23 54 78
11 53 33
24 47 22
37 76 73
40 45 90
5 79 77
44 60 64
56 72 11
32 87 67
46 59 40
44 94 23
15 25 80
41 76 94
7 52 58
39 73 99
51 79 90
49 72 24
10 94 85
52 55 74
15 50 57
12 54 9
26 33 99
4 50 52
30 39 96
37 61 19
53 81 15
8 32 28
53 78 80
41 61 44
28 43 90
33 57 76
4 53 18
11 88 38
79 92 88
76 94 4
34 87 27
21 50 16
76 88 22
41 93 2
42 74 84
25 68 20
58 63 42
19 32 29
91 95 75
56 91 72
52 34
5 42 5
4 27 45
28 37 43
14 43 47
10 28 11
16 19 11
24 36 15
6 31 62
10 26 87
24 40 36
8 23 23
1 2 67
18 23 10
31 45 93
43 48 48
20 25 80
16 41 33
3 36 100
41 52 55
11 47 77
4 16 8
17 42 98
18 27 32
24 36 24
31 48 11
26 45 94
17 44 31
21 41 58
3 30 50
22 48 78
10 50 34
7 32 37
14 28 92
34 36 59
100 100
40 72 25
1 51 71
37 95 44
29 85 96
47 66 80
23 83 30
42 52 64
8 52 39
29 61 46
47 98 24
41 69 65
29 95 36
7 81 55
47 76 57
31 62 41
16 98 60
42 68 59
14 59 10
44 75 56
44 86 59
16 66 87
13 59 81
44 100 44
33 92 94
38 78 91
41 64 13
44 76 51
22 52 68
24 52 44
21 65 98
6 61 76
8 74 8
49 70 67
28 52 81
47 67 70
24 73 82
12 76 63
41 57 81
12 56 20
29 86 30
19 100 26
25 82 91
1 93 61
46 92 37
40 77 76
29 89 51
49 81 54
5 91 31
12 54 14
27 69 24
29 65 4
6 69 60
20 54 36
6 88 72
14 56 8
42 83 4
36 65 65
35 90 58
16 72 93
15 70 42
44 75 5
19 87 31
17 96 26
4 89 91
12 53 21
10 65 36
26 97 73
5 61 54
6 93 93
11 76 96
34 82 92
40 53 5
16 95 85
47 84 59
25 78 83
7 95 99
6 56 51
24 57 4
33 63 20
42 71 86
40 69 31
28 63 54
47 58 85
48 90 36
2 56 81
11 85 56
1 89 16
27 90 9
17 66 79
19 58 1
46 72 87
26 91 36
25 93 24
20 75 81
42 58 48
49 89 24
11 71 74
22 66 91
27 68 99
31 69 68
91 1
63 82 68
43 9
13 31 23
8 31 28
4 13 77
2 25 56
16 36 34
12 16 5
2 12 75
2 5 56
10 40 70
13 42
2 12 33
2 6 66
1 4 85
5 8 9
6 13 86
1 9 76
1 6 37
7 9 85
5 12 97
6 8 37
6 13 37
11 13 97
7 10 35
3 8 68
3 5 79
4 8 17
5 8 84
1 8 49
2 10 5
2 13 95
4 10 6
3 11 64
4 11 20
5 12 9
8 11 56
8 12 77
1 3 91
8 10 50
6 13 44
3 5 54
1 11 77
7 8 56
11 12 99
4 8 18
2 8 29
1 13 73
1 8 12
4 6 90
10 13 59
1 5 91
3 10 13
4 10 14
61 58
5 61 49
19 46 75
5 7 27
17 24 87
10 36 25
1 48 47
22 41 65
28 58 23
23 57 85
2 38 17
27 35 45
6 20 5
20 29 56
5 30 94
36 52 91
19 53 46
42 56 65
30 61 25
14 17 64
8 29 46
25 47 43
18 58 47
19 42 64
6 33 1
13 30 26
29 54 78
54 57 73
30 34 2
16 23 99
7 59 81
18 27 53
31 42 35
9 53 71
18 50 33
8 36 64
43 58 7
5 40 20
25 44 77
4 45 85
2 59 47
20 47 75
5 35 10
1 9 77
2 37 67
25 36 11
45 46 63
22 38 6
26 31 71
17 33 68
30 60 21
12 16 76
30 36 92
27 41 50
23 29 8
43 60 34
43 52 37
19 54 30
35 46 26
52 67
37 44 92
37 43 88
20 42 17
17 21 29
45 49 45
8 39 19
13 18 82
3 19 5
28 39 53
20 39 2
46 48 52
37 40 51
1 48 59
42 46 4
42 45 50
24 39 80
10 45 65
11 35 49
26 52 66
3 18 47
20 47 6
23 42 86
14 31 40
24 32 94
36 41 98
35 50 89
46 52 1
17 37 77
28 33 87
37 40 97
5 38 85
22 50 56
9 33 69
3 32 64
4 13 31
45 51 17
29 31 20
3 39 43
3 19 73
31 52 93
18 47 47
3 31 49
20 46 52
15 19 31
24 32 57
51 52 20
5 26 20
18 22 3
18 48 24
4 47 84
15 32 45
5 21 79
1 42 52
24 27 8
25 42 59
31 51 4
18 41 47
31 41 73
12 34 12
1 2 88
35 41 84
21 22 73
11 22 16
19 47 72
43 50 17
2 33 83
24 44 19
92 75
28 78 41
38 68 27
53 70 54
15 17 23
49 92 25
17 64 70
14 37 25
12 21 19
22 59 19
68 87 89
64 70 52
87 91 34
27 65 57
83 92 91
26 38 15
17 20 71
2 49 74
16 79 26
1 25 44
14 60 100
61 78 99
10 41 33
28 63 39
10 28 66
20 61 63
52 86 64
10 16 41
23 72 45
77 82 47
6 53 42
4 70 58
50 65 54
6 58 50
55 83 61
62 82 69
47 54 15
23 36 75
40 68 61
56 77 16
40 61 95
45 89 55
3 45 39
37 59 77
54 79 7
18 92 78
37 79 24
35 59 61
8 71 21
31 61 34
76 89 1
15 29 90
61 90 22
44 66 1
1 39 54
54 92 37
17 74 13
48 77 51
19 56 8
23 39 74
64 80 58
19 26 21
9 65 55
40 90 27
22 92 65
21 66 81
43 58 5
53 86 25
7 10 6
53 65 51
2 83 30
61 90 94
50 67 20
29 90 46
28 30 34
41 61 71
10 2
1 7 2
6 9 1
6 2
1 3 1
3 6 1
100 100
7 18 49
57 60 50
3 50 86
61 79 27
11 46 57
58 62 97
60 99 37
62 82 49
3 45 26
18 41 43
68 81 85
3 14 1
24 49 30
12 19 59
18 27 60
55 70 85
54 71 1
97 100 96
23 46 21
66 94 91
58 86 17
86 89 95
91 96 39
87 99 77
6 17 7
76 92 31
1 25 54
28 49 18
53 80 57
62 99 93
15 32 48
16 46 90
9 16 64
21 40 81
62 93 70
58 91 15
26 48 17
17 19 63
47 48 94
70 90 67
58 73 23
27 31 54
75 86 77
3 12 41
8 15 15
1 35 57
54 71 8
22 34 59
58 74 11
14 44 13
72 93 33
61 62 54
65 72 95
24 34 68
53 75 27
83 90 82
60 92 85
22 46 61
69 80 19
59 69 42
7 19 26
90 93 92
2 13 88
9 50 91
51 62 88
55 66 94
78 89 36
51 55 76
52 90 31
74 77 100
39 49 86
5 21 8
30 44 16
9 35 63
59 68 47
90 98 84
72 100 21
24 34 24
56 77 75
34 43 75
21 34 48
21 44 29
93 99 80
33 47 28
1 11 5
77 79 35
29 31 55
8 31 95
12 21 79
13 42 77
54 61 72
75 88 98
51 66 52
8 11 22
8 30 53
79 92 25
7 40 49
52 80 5
3 18 41
10 28 6
100 100
29 100 43
63 79 31
32 78 59
17 62 24
30 78 16
76 77 16
3 61 37
59 95 88
41 57 64
5 84 81
69 80 68
37 46 56
3 30 69
49 80 85
1 92 25
3 99 88
59 61 12
82 93 50
14 83 44
34 97 77
57 69 12
58 76 53
12 64 64
11 72 47
35 63 95
33 81 94
12 99 75
52 99 72
39 88 31
23 61 42
34 36 27
23 77 16
37 64 67
15 72 66
84 89 20
21 100 49
68 98 36
6 87 25
41 61 88
24 28 43
10 58 78
21 30 44
35 44 72
32 94 39
70 99 69
22 32 59
36 83 88
25 92 67
17 100 77
11 85 99
2 70 36
57 97 4
11 37 57
52 65 31
53 79 56
58 88 60
8 32 93
12 60 95
6 80 85
65 67 61
4 80 36
30 67 54
13 54 22
29 43 97
33 44 3
71 94 78
35 70 22
49 82 36
32 62 8
40 97 97
86 99 86
36 85 59
71 76 39
3 82 64
31 39 51
7 85 37
66 72 6
11 52 53
63 68 44
24 46 96
4 97 65
23 77 73
10 51 60
29 64 10
11 71 50
2 25 11
25 66 47
69 97 25
31 100 74
43 98 23
21 50 84
7 9 57
59 88 31
51 90 70
76 78 38
42 58 93
71 87 56
22 39 53
2 4 56
23 56 72
2 100
1 2 37
1 2 68
1 2 35
1 2 98
1 2 56
1 2 53
1 2 21
1 2 85
1 2 24
1 2 56
1 2 61
1 2 1
1 2 53
1 2 48
1 2 4
1 2 62
1 2 39
1 2 7
1 2 65
1 2 27
1 2 48
1 2 80
1 2 17
1 2 45
1 2 28
1 2 79
1 2 73
1 2 13
1 2 6
1 2 95
1 2 10
1 2 1
1 2 24
1 2 48
1 2 70
1 2 97
1 2 52
1 2 98
1 2 38
1 2 76
1 2 37
1 2 35
1 2 23
1 2 98
1 2 8
1 2 14
1 2 100
1 2 56
1 2 100
1 2 33
1 2 32
1 2 49
1 2 6
1 2 94
1 2 6
1 2 36
1 2 28
1 2 10
1 2 71
1 2 14
1 2 10
1 2 64
1 2 70
1 2 13
1 2 35
1 2 88
1 2 54
1 2 95
1 2 6
1 2 7
1 2 99
1 2 5
1 2 34
1 2 15
1 2 72
1 2 68
1 2 54
1 2 28
1 2 37
1 2 1
1 2 32
1 2 51
1 2 35
1 2 60
1 2 15
1 2 74
1 2 66
1 2 16
1 2 11
1 2 89
1 2 27
1 2 100
1 2 69
1 2 27
1 2 28
1 2 33
1 2 87
1 2 36
1 2 6
1 2 34
28 17
5 25 89
9 12 38
17 19 92
9 13 34
6 19 48
1 10 3
4 9 12
9 24 49
4 16 43
4 23 79
5 27 59
22 25 88
17 23 98
3 4 94
7 9 80
1 7 89
7 17 9
