20
63 58
5 23 7
38 42 2
39 61 75
34 63 77
21 53 71
6 8 55
40 41 41
4 35 57
26 46 13
9 17 93
3 60 3
40 41 27
47 60 63
7 37 6
51 58 25
9 58 65
25 49 5
22 60 42
8 38 12
7 43 47
53 61 1
7 58 71
18 49 82
6 41 84
2 4 59
18 33 16
10 42 95
4 7 3
30 41 92
10 52 98
57 60 100
2 29 61
41 48 10
35 36 39
4 15 67
12 24 4
5 6 97
20 38 20
18 44 3
7 60 7
22 26 27
4 58 97
6 49 71
6 50 86
1 34 65
27 46 52
52 61 55
53 56 47
31 49 97
40 46 97
41 61 92
24 61 22
14 18 9
14 31 81
20 54 11
13 29 66
10 32 90
19 31 55
49 9
24 37 81
10 40 88
1 22 50
16 48 50
25 42 4
10 41 31
10 17 11
28 45 7
7 36 86
10 2
1 7 2
6 9 1
45 100
29 37 42
3 37 17
21 33 70
17 29 3
11 42 26
19 22 47
1 43 29
2 31 83
22 35 90
8 14 47
2 39 3
13 19 73
3 37 26
21 39 28
9 43 47
2 32 12
28 32 86
1 14 87
4 24 3
22 24 99
15 30 22
6 9 43
16 37 33
17 38 37
3 23 6
2 26 66
12 39 80
25 39 18
39 41 44
16 33 15
22 45 38
1 28 16
6 10 4
11 33 24
18 20 36
28 36 64
35 45 40
9 38 40
22 24 31
7 26 14
27 44 9
4 5 38
29 34 77
7 35 50
14 20 70
37 39 28
35 39 69
14 42 88
8 37 10
22 33 63
9 21 72
30 45 27
24 36 96
1 38 81
3 20 70
30 33 48
31 43 39
1 18 28
12 35 45
1 35 32
6 23 31
11 29 41
13 33 13
17 41 41
21 30 61
9 21 1
29 37 4
7 10 49
8 39 7
27 35 85
5 41 45
12 28 95
5 22 4
21 27 15
9 16 76
27 39 89
10 21 21
10 38 12
10 21 89
36 44 46
8 30 35
27 42 66
32 39 91
22 30 66
10 33 67
26 37 24
1 19 11
29 45 53
1 37 54
10 14 49
1 2 27
5 16 15
28 34 22
6 41 35
19 43 93
13 22 76
11 18 17
10 43 20
13 30 90
3 38 90
6 2
1 3 2
4 6 1
83 75
17 38 99
13 46 73
55 70 97
24 38 95
35 37 70
34 80 25
19 35 92
56 83 42
13 74 52
37 38 94
2 20 78
42 67 41
27 34 65
32 38 30
26 40 94
1 58 80
22 59 41
55 83 33
5 33 80
5 60 79
35 68 65
9 58 48
18 31 75
33 41 86
24 70 56
38 82 94
16 77 73
28 37 4
16 78 69
41 66 52
23 60 17
13 57 71
73 78 22
3 40 65
4 74 65
13 30 83
38 70 81
25 30 98
6 18 1
53 54 71
37 39 94
51 82 88
15 40 54
23 61 41
27 31 70
32 57 37
28 62 58
15 40 43
22 77 51
44 74 28
27 38 17
11 58 89
31 65 21
1 70 92
11 16 62
21 33 7
7 42 55
22 31 83
11 43 99
52 82 47
22 37 74
6 43 90
56 66 35
39 51 4
23 60 98
31 80 16
23 59 48
55 64 11
26 71 44
27 64 95
30 54 36
17 59 97
13 28 95
8 53 16
1 57 36
48 25
12 31 24
12 31 80
4 30 26
29 47 33
29 44 47
17 31 74
21 31 63
20 27 13
9 34 98
4 22 31
6 48 27
19 20 77
33 35 47
33 35 45
17 42 54
11 18 54
3 23 92
17 21 93
1 6 48
21 42 53
6 45 41
2 10 20
26 43 66
35 44 51
30 31 97
27 67
5 27 14
21 26 32
12 15 91
4 17 42
5 24 88
9 17 57
10 12 89
18 25 52
4 25 60
18 21 65
2 26 70
5 24 16
17 25 20
16 23 17
6 25 88
11 15 4
13 26 59
1 2 37
12 21 26
12 23 20
6 13 51
3 4 30
3 5 3
2 12 90
3 6 58
21 22 1
1 9 12
20 22 24
5 23 73
5 12 72
2 13 13
13 25 6
5 15 85
6 26 90
9 10 77
18 27 15
12 19 10
11 24 98
8 13 36
1 23 27
5 6 86
1 17 5
3 13 48
24 27 86
15 18 52
4 23 24
8 9 66
17 18 82
2 13 77
18 27 78
12 20 39
23 27 93
2 21 51
3 13 10
16 27 39
8 13 51
9 22 51
19 20 41
4 8 34
11 16 41
6 9 80
3 23 28
3 15 45
10 22 83
20 23 1
12 27 41
12 13 72
93 42
21 53 51
56 93 1
9 30 96
22 90 70
47 77 57
45 92 83
65 88 69
13 33 1
49 92 32
38 77 33
15 49 55
65 74 45
51 72 88
13 39 74
5 49 89
57 76 50
78 79 64
43 76 73
25 75 56
16 52 95
53 88 66
36 67 91
55 80 85
16 30 69
29 52 4
39 62 43
82 84 92
31 92 44
15 55 19
9 70 73
26 65 32
8 73 97
1 26 32
83 93 84
66 73 66
6 77 71
67 90 41
50 51 59
18 35 14
35 54 97
2 24 67
29 90 88
6 2
1 3 1
3 6 1
33 1
15 16 99
40 50
1 36 25
27 36 70
17 23 10
13 40 42
9 34 83
18 33 18
16 38 39
2 7 97
6 28 1
7 38 62
17 20 50
2 11 78
5 39 8
15 17 69
6 27 56
12 29 80
7 26 22
8 13 48
12 38 51
22 37 91
18 22 19
16 17 43
8 30 21
3 25 7
20 29 86
7 21 12
1 15 70
29 39 57
10 11 20
23 25 39
6 24 42
6 23 64
9 18 12
22 29 27
30 40 68
16 28 4
5 22 95
9 24 4
4 40 79
23 35 6
10 23 45
33 37 74
4 5 52
3 11 56
29 31 60
4 28 19
11 20 3
9 23 35
27 37 4
13 39 79
22 91
1 5 60
21 22 98
3 21 62
14 21 63
1 15 21
7 9 54
2 14 35
6 8 27
6 13 54
17 22 96
19 22 54
13 14 62
10 22 95
13 22 63
5 6 17
4 7 58
7 22 73
11 17 44
6 17 10
6 20 7
9 14 68
10 17 7
8 14 2
5 22 61
2 13 98
12 19 75
14 18 20
1 6 97
14 15 61
8 21 42
8 17 99
14 15 58
2 6 75
8 12 28
5 22 60
14 15 49
11 15 31
16 22 81
8 12 69
3 9 19
9 15 92
7 21 83
13 22 72
1 3 13
8 19 44
4 22 9
10 13 73
3 15 74
8 17 55
2 5 61
3 17 82
4 5 23
1 18 20
1 20 39
10 20 72
3 22 75
8 12 5
17 18 91
2 5 48
5 15 32
2 21 9
6 19 51
3 20 34
14 18 30
7 16 72
9 17 59
2 20 61
18 21 78
8 11 16
5 16 18
12 17 22
10 16 1
12 18 55
3 21 29
11 18 4
9 11 40
5 12 87
5 8 29
14 15 20
19 21 30
7 16 82
14 18 38
10 20 93
6 7 44
10 22 65
6 19 26
1 7 14
12 19 90
9 18 6
13 21 6
3 20 16
52 17
21 47 68
24 48 65
15 18 23
31 38 90
20 45 72
7 49 60
10 28 33
35 46 45
32 36 75
9 12 84
47 49 69
17 46 9
24 51 22
10 28 31
24 39 52
4 45 21
9 51 10
30 83
23 25 73
6 12 36
4 24 92
10 22 99
8 14 28
11 17 64
21 26 38
4 29 79
3 22 21
7 19 85
13 28 89
1 24 87
6 15 80
4 8 58
11 12 19
13 16 52
7 12 37
3 5 93
15 17 20
7 30 20
14 28 20
11 23 84
22 28 65
8 14 68
1 20 45
1 28 39
13 19 75
5 21 53
4 29 72
13 25 47
3 12 85
10 20 8
6 23 42
11 20 76
20 26 2
22 26 45
3 15 27
9 26 48
13 27 8
13 24 25
9 16 53
5 10 18
5 27 1
5 26 21
16 20 51
8 14 51
8 25 27
21 28 61
14 15 68
3 28 89
3 26 67
3 26 53
4 14 43
27 28 19
1 24 91
9 20 80
22 28 66
20 27 82
15 29 94
6 11 58
17 26 4
9 15 15
20 25 85
14 16 18
6 19 18
23 26 85
9 12 25
3 22 47
25 27 4
13 29 43
12 26 53
3 25 1
8 12 79
2 10 31
15 28 1
2 16 68
8 11 15
6 20 75
16 18 78
3 14 44
17 29 19
21 26 17
5 22 17
100 100
47 52 33
38 82 12
32 77 8
31 74 43
33 58 14
46 59 5
12 79 65
28 88 77
12 80 66
35 84 10
26 54 19
29 77 39
12 99 17
22 91 79
15 54 46
22 70 12
21 66 38
35 56 43
13 56 47
35 55 97
41 56 32
41 98 36
50 72 14
2 55 27
23 98 29
42 59 9
19 63 28
12 86 72
49 63 89
40 93 28
31 84 95
20 98 10
41 85 6
29 90 14
22 77 74
4 97 31
18 57 61
16 86 44
10 61 17
10 65 6
29 93 53
5 71 92
36 66 60
1 56 66
22 55 69
19 57 3
16 75 88
31 96 22
39 95 39
9 72 53
50 95 30
7 57 44
22 64 78
8 98 96
7 86 86
38 54 27
13 74 52
29 56 80
10 54 38
11 83 89
38 90 5
47 73 16
34 63 52
29 60 44
17 56 47
24 78 40
29 85 3
22 58 65
43 58 43
2 77 89
23 80 72
7 97 21
22 91 2
42 95 18
9 83 69
25 55 42
20 67 64
23 96 74
25 82 18
4 54 76
23 90 4
17 55 88
20 59 93
18 84 23
40 79 70
33 89 65
36 72 96
14 84 16
40 65 24
12 81 78
49 73 68
33 74 79
7 52 53
24 67 87
23 61 93
45 70 37
11 67 96
14 92 99
17 77 69
49 79 46
33 34
4 33 85
21 25 9
3 22 27
8 33 23
8 25 60
6 33 83
11 31 19
10 33 82
6 10 77
8 27 64
20 33 24
2 24 77
5 16 95
5 19 3
20 24 14
24 31 27
4 19 67
1 29 91
17 20 18
15 22 14
18 28 87
8 21 85
10 20 94
9 22 57
2 24 35
14 23 6
2 14 59
1 31 84
6 18 67
12 15 49
4 17 8
1 30 33
16 31 80
7 16 67
100 100
78 98 42
73 89 65
76 88 89
78 87 29
85 91 11
18 60 26
38 69 73
35 72 53
55 73 25
35 63 31
15 61 69
52 60 89
11 92 49
1 3 6
27 35 2
60 92 98
58 78 8
25 79 15
21 76 1
18 63 91
35 88 51
5 76 14
27 34 77
3 16 87
83 85 44
12 62 31
70 80 67
3 95 40
40 44 62
21 46 8
10 89 18
40 85 1
2 11 33
2 72 52
15 82 57
57 80 76
12 95 23
4 14 3
42 91 79
46 51 65
27 62 65
58 68 40
52 94 47
58 79 31
9 41 88
14 23 54
76 79 19
17 21 20
25 44 33
2 89 56
61 97 78
12 14 45
5 26 95
11 64 34
26 34 70
31 60 40
20 51 68
11 57 27
59 93 8
26 57 75
18 79 6
21 94 68
1 11 83
25 99 19
49 60 82
5 25 91
21 54 28
8 25 97
39 99 47
52 78 97
72 82 91
66 70 48
12 28 93
29 45 79
28 68 8
18 47 80
15 19 47
55 61 60
8 43 27
80 93 83
16 71 91
48 89 42
63 67 16
68 87 67
2 41 23
40 73 6
43 85 77
4 96 93
25 50 100
30 43 55
27 43 69
21 29 90
84 99 1
57 83 6
22 94 72
24 97 91
15 40 71
34 87 50
16 97 71
66 78 72
2 100
1 2 82
1 2 48
1 2 52
1 2 26
1 2 23
1 2 79
1 2 15
1 2 55
1 2 62
1 2 96
1 2 10
1 2 86
1 2 40
1 2 26
1 2 23
1 2 68
1 2 88
1 2 100
1 2 43
1 2 5
1 2 63
1 2 66
1 2 79
1 2 73
1 2 30
1 2 23
1 2 50
1 2 99
1 2 90
1 2 10
1 2 84
1 2 75
1 2 68
1 2 53
1 2 4
1 2 2
1 2 92
1 2 14
1 2 77
1 2 42
1 2 3
1 2 98
1 2 49
1 2 87
1 2 5
1 2 22
1 2 45
1 2 83
1 2 26
1 2 93
1 2 86
1 2 38
1 2 10
1 2 68
1 2 73
1 2 21
1 2 53
1 2 39
1 2 41
1 2 21
1 2 18
1 2 3
1 2 62
1 2 56
1 2 4
1 2 62
1 2 76
1 2 57
1 2 99
1 2 63
1 2 92
1 2 63
1 2 81
1 2 72
1 2 86
1 2 96
1 2 5
1 2 4
1 2 62
1 2 88
1 2 91
1 2 99
1 2 28
1 2 62
1 2 73
1 2 29
1 2 19
1 2 37
1 2 96
1 2 57
1 2 86
1 2 46
1 2 98
1 2 52
1 2 95
1 2 46
1 2 43
1 2 38
1 2 94
1 2 78
100 100
51 54 69
6 12 47
4 43 89
39 40 4
56 82 85
9 47 96
4 41 31
36 47 27
59 86 79
1 10 25
58 71 83
52 61 100
67 68 45
1 3 58
76 85 7
14 34 15
51 64 41
56 77 24
21 35 45
44 50 48
7 32 47
68 72 49
5 38 41
86 96 51
1 41 29
7 34 4
59 90 40
82 84 82
76 82 32
51 56 96
21 29 74
6 29 8
32 39 25
67 78 13
14 35 28
69 82 42
61 71 20
87 99 15
39 40 82
26 32 38
56 61 3
57 72 44
55 56 66
67 88 45
43 48 33
1 39 47
81 88 52
45 46 77
14 50 29
9 15 7
53 66 51
67 99 92
63 95 56
76 80 58
2 43 69
8 20 92
56 87 22
73 79 97
55 74 37
83 97 18
69 97 9
55 62 15
14 38 87
13 44 33
12 29 85
28 32 69
16 34 69
82 98 67
67 80 13
69 82 4
16 33 79
69 92 30
74 92 64
77 81 12
29 35 20
12 30 24
34 43 71
59 92 32
6 16 96
60 67 86
62 82 4
90 97 51
85 95 74
13 46 87
35 50 20
22 34 57
23 38 32
77 84 14
44 45 64
9 27 63
23 43 12
58 65 53
10 43 13
8 42 72
69 74 12
55 61 57
62 77 92
37 49 7
9 25 79
20 40 53
