100
10 29
10 1015
28 256
38 137438953473
36 6429577449
50 1125899904769141
1 2
50 562949953421311
39 1
33 536870911
46 70368744133069
44 180288618962
36 34359738367
37 137438952961
50 1125899906842623
7 127
50 1125898833100801
28 20053
9 511
10 967
13 729
47 70368744177665
27 67108863
50 562949953421313
5 15
46 35184372088831
15 32759
31 134217727
50 27929
11 2044
36 68719476735
7 120
6 42
8 227
34 17161629220
9 503
40 1099511627768
31 2147483647
30 1042991780
20 524288
12 1
50 1123700883587072
15 15
34 17177772033
5 7
29 536866817
47 140737281098957
23 7982163
11 1536
34 17179869184
50 1125899906842624
23 4194305
50 1
6 63
30 1
25 238
5 14
37 295412553
32 1591399167
36 34359738367
44 1941493058
8 214
50 1125517435217426
2 2
1 1
35 34356349149
28 268391499
35 34359476225
37 68719476737
35 17179869183
6 52
3 2
3 2
45 35184372069939
50 1123358138476635
34 8589934593
11 311
9 127
37 137438952448
33 846797325
35 17179869184
50 972676701997
31 8192
40 1059523896277
39 549755813581
5 25
36 34359738368
3 8
50 562949953421312
26 67108864
5 8
30 1073741824
50 495113367883
50 262144
50 4194303
32 2147483648
35 18
47 1
16 65519
18 262085
