100
5 3
3 3
10 3
10 786
5 18
6 14
10 977
8 12
8 129
9 1
8 255
5 8
6 14
9 120
6 10
5 10
9 63
9 399
6 32
10 1023
5 29
6 15
3 2
4 4
6 1
8 239
6 33
5 22
10 993
9 225
5 19
6 31
8 256
2 1
10 897
3 5
5 23
3 8
10 28
7 63
9 481
4 14
8 50
3 5
6 7
8 129
5 1
1 2
3 7
10 513
3 6
7 126
8 256
3 4
8 241
10 25
10 1024
9 484
1 1
10 960
8 123
10 512
9 81
2 3
9 199
7 8
5 15
7 19
10 36
3 4
6 20
10 52
6 28
10 511
9 505
6 51
5 15
5 23
5 31
6 16
3 3
4 9
4 14
10 1
6 25
4 16
7 64
5 15
6 55
8 23
6 7
10 8
10 319
10 9
5 16
8 254
9 481
10 885
8 128
8 255
