781447407
304455322
8128048
827212307
533050792
443998
795741035
641020
3891158
39544004
18935616
345605232
826497628
777261373
162140368
423794263
382556774
940351791
3545167
487529062
249859995
33286476
566891905
689371343
31998893
3955231
995280487
168362012
4024697
768251802
18327885
2157760
697943276
135479834
28346
686495054
461566209
43791616
340435293
811434840
528160301
52954584
884936080
415894014
865860619
37040523
615453815
511108231
89261793
883977215
1873764
181247979
581131323
559945361
110853651
318935241
614810652
6466809
563383876
946896553
829706453
107145314
23702282
993852589
881591718
97839869
784901904
244079774
330213324
988915472
282738894
963808465
167638976
181989298
64941988
474495125
9651244
795864739
7298080
886315103
357579
654751550
14360974
2699801
27926307
355695397
160396002
435884283
34022435
1266230
7889938
330887086
3545135
428185467
599423584
381656964
208243579
46328382
779958886
169161796
