100
90859 18881
52589 16134
9613 5583
86179 45506
88516 55867
7353 6418
64790 15372
4264 3135
83738 80978
84171 36626
33590 27441
57479 18556
78914 36952
37514 3221
59358 41353
83658 54547
96065 24487
71543 34425
21982 19327
75586 44362
94823 12649
8036 3755
40407 5547
52196 7816
3705 786
64576 61786
81630 32949
83327 64981
86476 83669
38937 3174
35709 29660
43164 41107
12269 1436
38723 22264
28255 28241
86367 41472
78819 48438
38281 28926
49671 4322
32733 3744
71127 19536
99993 17334
50491 22470
64473 35634
32875 11057
56223 47622
19932 4131
9094 2090
27872 7153
30401 6654
14208 12279
26306 11495
71580 29669
75908 42445
64596 49710
9811 2544
11189 1262
46073 42489
28191 5662
29656 11275
61110 22700
31748 17111
58777 23631
58047 6634
72919 26233
28778 14791
39835 14445
62588 40496
58268 32571
85550 37060
20912 5035
87777 4931
38390 20081
61940 8689
17455 692
67319 36515
34939 30553
68146 27515
38125 34314
59229 19596
6038 5199
70486 27459
31926 370
5120 2798
91184 45844
63509 6952
74631 56724
95280 65757
36545 28300
186 15
15442 11473
63583 37860
64294 61655
90121 29265
53281 5241
83278 13606
26019 7235
18158 3563
94186 1058
96821 6275
