3 3
10 5 
10 4 
10 3
10 7
10 6
10 5
3 3
10 5
10 4
10 3
10 7
10 6
10 1
3 3
10 5
10 4
10 3
10 7
10 6
10 10
4 1
10 5
10 5
10 5
10 5
100 100
83 0
16 1
16 1
16 1
16 1
16 1
16 1
16 1
16 1
16 1
16 1
16 1
16 1
16 1
16 1
16 1
16 1
16 1
16 1
16 1
16 1
16 1
16 1
16 1
16 1
16 1
16 1
16 1
16 1
16 1
16 1
16 1
16 1
16 1
16 1
16 1
16 1
16 1
16 1
16 1
16 1
16 1
16 1
16 1
16 1
16 1
16 1
16 1
16 1
16 1
16 1
16 1
16 1
16 1
16 1
16 1
16 1
16 1
16 1
16 1
16 1
16 1
16 1
16 1
16 1
16 1
16 1
16 1
16 1
16 1
16 1
16 1
16 1
16 1
16 1
16 1
16 1
16 1
16 1
16 1
16 1
16 1
16 1
16 1
84 0 
16 1 
16 1 
16 1 
16 1 
16 1 
16 1 
16 1 
16 1 
16 1 
16 1 
16 1 
16 1 
16 1 
16 1 
16 1 
16 1 
16 1 
16 1 
16 1 
16 1 
16 1 
16 1 
16 1 
16 1 
16 1 
16 1 
16 1 
16 1 
16 1 
16 1 
16 1 
16 1 
16 1 
16 1 
16 1 
16 1 
16 1 
16 1 
16 1 
16 1 
16 1 
16 1 
16 1 
16 1 
16 1 
16 1 
16 1 
16 1 
16 1 
16 1 
16 1 
16 1 
16 1 
16 1 
16 1 
16 1 
16 1 
16 1 
16 1 
16 1 
16 1 
16 1 
16 1 
16 1 
16 1 
16 1 
16 1 
16 1 
16 1 
16 1 
16 1 
16 1 
16 1 
16 1 
16 1 
16 1 
16 1 
16 1 
16 1 
16 1 
16 1 
16 1 
16 1 
16 1 
0 0 
100 0 
10 1
10 1
10 1
10 1
10 1
10 1
10 1
10 1
10 1
10 1
10 1
10 1
10 1
10 1
10 1
10 1
10 1
10 1
10 1
10 1
10 1
10 1
10 1
10 1
10 1
10 1
10 1
10 1
10 1
10 1
10 1
10 1
10 1
10 1
10 1
10 1
10 1
10 1
10 1
10 1
10 1
10 1
10 1
10 1
10 1
10 1
10 1
10 1
10 1
10 1
10 1
10 1
10 1
10 1
10 1
10 1
10 1
10 1
10 1
10 1
10 1
10 1
10 1
10 1
10 1
10 1
10 1
10 1
10 1
10 1
10 1
10 1
10 1
10 1
10 1
10 1
10 1
10 1
10 1
10 1
10 1
10 1
10 1
10 1
10 1
10 1
10 1
10 1
10 1
10 1
10 1
10 1
10 1
10 1
10 1
10 1
10 1
10 1
10 1
10 1
