1
3000
5 2
5 3
6 5
6 6
7 8
7 9
8 11
8 12
9 14
9 15
10 17
10 18
11 20
11 21
12 23
12 24
13 26
13 27
14 29
14 30
15 32
15 33
16 35
16 36
17 38
17 39
18 41
18 42
19 44
19 45
20 47
20 48
21 50
21 51
22 53
22 54
23 56
23 57
24 59
24 60
25 62
25 63
26 65
26 66
27 68
27 69
28 71
28 72
29 74
29 75
30 77
30 78
31 80
31 81
32 83
32 84
33 86
33 87
34 89
34 90
35 92
35 93
36 95
36 96
37 98
37 99
38 101
38 102
39 104
39 105
40 107
40 108
41 110
41 111
42 113
42 114
43 116
43 117
44 119
44 120
45 122
45 123
46 125
46 126
47 128
47 129
48 131
48 132
49 134
49 135
50 137
50 138
51 140
51 141
52 143
52 144
53 146
53 147
54 149
54 150
55 152
55 153
56 155
56 156
57 158
57 159
58 161
58 162
59 164
59 165
60 167
60 168
61 170
61 171
62 173
62 174
63 176
63 177
64 179
64 180
65 182
65 183
66 185
66 186
67 188
67 189
68 191
68 192
69 194
69 195
70 197
70 198
71 200
71 201
72 203
72 204
73 206
73 207
74 209
74 210
75 212
75 213
76 215
76 216
77 218
77 219
78 221
78 222
79 224
79 225
80 227
80 228
81 230
81 231
82 233
82 234
83 236
83 237
84 239
84 240
85 242
85 243
86 245
86 246
87 248
87 249
88 251
88 252
89 254
89 255
90 257
90 258
91 260
91 261
92 263
92 264
93 266
93 267
94 269
94 270
95 272
95 273
96 275
96 276
97 278
97 279
98 281
98 282
99 284
99 285
100 287
100 288
101 290
101 291
102 293
102 294
103 296
103 297
104 299
104 300
105 302
105 303
106 305
106 306
107 308
107 309
108 311
108 312
109 314
109 315
110 317
110 318
111 320
111 321
112 323
112 324
113 326
113 327
114 329
114 330
115 332
115 333
116 335
116 336
117 338
117 339
118 341
118 342
119 344
119 345
120 347
120 348
121 350
121 351
122 353
122 354
123 356
123 357
124 359
124 360
125 362
125 363
126 365
126 366
127 368
127 369
128 371
128 372
129 374
129 375
130 377
130 378
131 380
131 381
132 383
132 384
133 386
133 387
134 389
134 390
135 392
135 393
136 395
136 396
137 398
137 399
138 401
138 402
139 404
139 405
140 407
140 408
141 410
141 411
142 413
142 414
143 416
143 417
144 419
144 420
145 422
145 423
146 425
146 426
147 428
147 429
148 431
148 432
149 434
149 435
150 437
150 438
151 440
151 441
152 443
152 444
153 446
153 447
154 449
154 450
155 452
155 453
156 455
156 456
157 458
157 459
158 461
158 462
159 464
159 465
160 467
160 468
161 470
161 471
162 473
162 474
163 476
163 477
164 479
164 480
165 482
165 483
166 485
166 486
167 488
167 489
168 491
168 492
169 494
169 495
170 497
170 498
171 500
171 501
172 503
172 504
173 506
173 507
174 509
174 510
175 512
175 513
176 515
176 516
177 518
177 519
178 521
178 522
179 524
179 525
180 527
180 528
181 530
181 531
182 533
182 534
183 536
183 537
184 539
184 540
185 542
185 543
186 545
186 546
187 548
187 549
188 551
188 552
189 554
189 555
190 557
190 558
191 560
191 561
192 563
192 564
193 566
193 567
194 569
194 570
195 572
195 573
196 575
196 576
197 578
197 579
198 581
198 582
199 584
199 585
200 587
200 588
201 590
201 591
202 593
202 594
203 596
203 597
204 599
204 600
205 602
205 603
206 605
206 606
207 608
207 609
208 611
208 612
209 614
209 615
210 617
210 618
211 620
211 621
212 623
212 624
213 626
213 627
214 629
214 630
215 632
215 633
216 635
216 636
217 638
217 639
218 641
218 642
219 644
219 645
220 647
220 648
221 650
221 651
222 653
222 654
223 656
223 657
224 659
224 660
225 662
225 663
226 665
226 666
227 668
227 669
228 671
228 672
229 674
229 675
230 677
230 678
231 680
231 681
232 683
232 684
233 686
233 687
234 689
234 690
235 692
235 693
236 695
236 696
237 698
237 699
238 701
238 702
239 704
239 705
240 707
240 708
241 710
241 711
242 713
242 714
243 716
243 717
244 719
244 720
245 722
245 723
246 725
246 726
247 728
247 729
248 731
248 732
249 734
249 735
250 737
250 738
251 740
251 741
252 743
252 744
253 746
253 747
254 749
254 750
255 752
255 753
256 755
256 756
257 758
257 759
258 761
258 762
259 764
259 765
260 767
260 768
261 770
261 771
262 773
262 774
263 776
263 777
264 779
264 780
265 782
265 783
266 785
266 786
267 788
267 789
268 791
268 792
269 794
269 795
270 797
270 798
271 800
271 801
272 803
272 804
273 806
273 807
274 809
274 810
275 812
275 813
276 815
276 816
277 818
277 819
278 821
278 822
279 824
279 825
280 827
280 828
281 830
281 831
282 833
282 834
283 836
283 837
284 839
284 840
285 842
285 843
286 845
286 846
287 848
287 849
288 851
288 852
289 854
289 855
290 857
290 858
291 860
291 861
292 863
292 864
293 866
293 867
294 869
294 870
295 872
295 873
296 875
296 876
297 878
297 879
298 881
298 882
299 884
299 885
300 887
300 888
301 890
301 891
302 893
302 894
303 896
303 897
304 899
304 900
305 902
305 903
306 905
306 906
307 908
307 909
308 911
308 912
309 914
309 915
310 917
310 918
311 920
311 921
312 923
312 924
313 926
313 927
314 929
314 930
315 932
315 933
316 935
316 936
317 938
317 939
318 941
318 942
319 944
319 945
320 947
320 948
321 950
321 951
322 953
322 954
323 956
323 957
324 959
324 960
325 962
325 963
326 965
326 966
327 968
327 969
328 971
328 972
329 974
329 975
330 977
330 978
331 980
331 981
332 983
332 984
333 986
333 987
334 989
334 990
335 992
335 993
336 995
336 996
337 998
337 999
338 1001
338 1002
339 1004
339 1005
340 1007
340 1008
341 1010
341 1011
342 1013
342 1014
343 1016
343 1017
344 1019
344 1020
345 1022
345 1023
346 1025
346 1026
347 1028
347 1029
348 1031
348 1032
349 1034
349 1035
350 1037
350 1038
351 1040
351 1041
352 1043
352 1044
353 1046
353 1047
354 1049
354 1050
355 1052
355 1053
356 1055
356 1056
357 1058
357 1059
358 1061
358 1062
359 1064
359 1065
360 1067
360 1068
361 1070
361 1071
362 1073
362 1074
363 1076
363 1077
364 1079
364 1080
365 1082
365 1083
366 1085
366 1086
367 1088
367 1089
368 1091
368 1092
369 1094
369 1095
370 1097
370 1098
371 1100
371 1101
372 1103
372 1104
373 1106
373 1107
374 1109
374 1110
375 1112
375 1113
376 1115
376 1116
377 1118
377 1119
378 1121
378 1122
379 1124
379 1125
380 1127
380 1128
381 1130
381 1131
382 1133
382 1134
383 1136
383 1137
384 1139
384 1140
385 1142
385 1143
386 1145
386 1146
387 1148
387 1149
388 1151
388 1152
389 1154
389 1155
390 1157
390 1158
391 1160
391 1161
392 1163
392 1164
393 1166
393 1167
394 1169
394 1170
395 1172
395 1173
396 1175
396 1176
397 1178
397 1179
398 1181
398 1182
399 1184
399 1185
400 1187
400 1188
401 1190
401 1191
402 1193
402 1194
403 1196
403 1197
404 1199
404 1200
405 1202
405 1203
406 1205
406 1206
407 1208
407 1209
408 1211
408 1212
409 1214
409 1215
410 1217
410 1218
411 1220
411 1221
412 1223
412 1224
413 1226
413 1227
414 1229
414 1230
415 1232
415 1233
416 1235
416 1236
417 1238
417 1239
418 1241
418 1242
419 1244
419 1245
420 1247
420 1248
421 1250
421 1251
422 1253
422 1254
423 1256
423 1257
424 1259
424 1260
425 1262
425 1263
426 1265
426 1266
427 1268
427 1269
428 1271
428 1272
429 1274
429 1275
430 1277
430 1278
431 1280
431 1281
432 1283
432 1284
433 1286
433 1287
434 1289
434 1290
435 1292
435 1293
436 1295
436 1296
437 1298
437 1299
438 1301
438 1302
439 1304
439 1305
440 1307
440 1308
441 1310
441 1311
442 1313
442 1314
443 1316
443 1317
444 1319
444 1320
445 1322
445 1323
446 1325
446 1326
447 1328
447 1329
448 1331
448 1332
449 1334
449 1335
450 1337
450 1338
451 1340
451 1341
452 1343
452 1344
453 1346
453 1347
454 1349
454 1350
455 1352
455 1353
456 1355
456 1356
457 1358
457 1359
458 1361
458 1362
459 1364
459 1365
460 1367
460 1368
461 1370
461 1371
462 1373
462 1374
463 1376
463 1377
464 1379
464 1380
465 1382
465 1383
466 1385
466 1386
467 1388
467 1389
468 1391
468 1392
469 1394
469 1395
470 1397
470 1398
471 1400
471 1401
472 1403
472 1404
473 1406
473 1407
474 1409
474 1410
475 1412
475 1413
476 1415
476 1416
477 1418
477 1419
478 1421
478 1422
479 1424
479 1425
480 1427
480 1428
481 1430
481 1431
482 1433
482 1434
483 1436
483 1437
484 1439
484 1440
485 1442
485 1443
486 1445
486 1446
487 1448
487 1449
488 1451
488 1452
489 1454
489 1455
490 1457
490 1458
491 1460
491 1461
492 1463
492 1464
493 1466
493 1467
494 1469
494 1470
495 1472
495 1473
496 1475
496 1476
497 1478
497 1479
498 1481
498 1482
499 1484
499 1485
500 1487
500 1488
501 1490
501 1491
502 1493
502 1494
503 1496
503 1497
504 1499
504 1500
505 1502
505 1503
506 1505
506 1506
507 1508
507 1509
508 1511
508 1512
509 1514
509 1515
510 1517
510 1518
511 1520
511 1521
512 1523
512 1524
513 1526
513 1527
514 1529
514 1530
515 1532
515 1533
516 1535
516 1536
517 1538
517 1539
518 1541
518 1542
519 1544
519 1545
520 1547
520 1548
521 1550
521 1551
522 1553
522 1554
523 1556
523 1557
524 1559
524 1560
525 1562
525 1563
526 1565
526 1566
527 1568
527 1569
528 1571
528 1572
529 1574
529 1575
530 1577
530 1578
531 1580
531 1581
532 1583
532 1584
533 1586
533 1587
534 1589
534 1590
535 1592
535 1593
536 1595
536 1596
537 1598
537 1599
538 1601
538 1602
539 1604
539 1605
540 1607
540 1608
541 1610
541 1611
542 1613
542 1614
543 1616
543 1617
544 1619
544 1620
545 1622
545 1623
546 1625
546 1626
547 1628
547 1629
548 1631
548 1632
549 1634
549 1635
550 1637
550 1638
551 1640
551 1641
552 1643
552 1644
553 1646
553 1647
554 1649
554 1650
555 1652
555 1653
556 1655
556 1656
557 1658
557 1659
558 1661
558 1662
559 1664
559 1665
560 1667
560 1668
561 1670
561 1671
562 1673
562 1674
563 1676
563 1677
564 1679
564 1680
565 1682
565 1683
566 1685
566 1686
567 1688
567 1689
568 1691
568 1692
569 1694
569 1695
570 1697
570 1698
571 1700
571 1701
572 1703
572 1704
573 1706
573 1707
574 1709
574 1710
575 1712
575 1713
576 1715
576 1716
577 1718
577 1719
578 1721
578 1722
579 1724
579 1725
580 1727
580 1728
581 1730
581 1731
582 1733
582 1734
583 1736
583 1737
584 1739
584 1740
585 1742
585 1743
586 1745
586 1746
587 1748
587 1749
588 1751
588 1752
589 1754
589 1755
590 1757
590 1758
591 1760
591 1761
592 1763
592 1764
593 1766
593 1767
594 1769
594 1770
595 1772
595 1773
596 1775
596 1776
597 1778
597 1779
598 1781
598 1782
599 1784
599 1785
600 1787
600 1788
601 1790
601 1791
602 1793
602 1794
603 1796
603 1797
604 1799
604 1800
605 1802
605 1803
606 1805
606 1806
607 1808
607 1809
608 1811
608 1812
609 1814
609 1815
610 1817
610 1818
611 1820
611 1821
612 1823
612 1824
613 1826
613 1827
614 1829
614 1830
615 1832
615 1833
616 1835
616 1836
617 1838
617 1839
618 1841
618 1842
619 1844
619 1845
620 1847
620 1848
621 1850
621 1851
622 1853
622 1854
623 1856
623 1857
624 1859
624 1860
625 1862
625 1863
626 1865
626 1866
627 1868
627 1869
628 1871
628 1872
629 1874
629 1875
630 1877
630 1878
631 1880
631 1881
632 1883
632 1884
633 1886
633 1887
634 1889
634 1890
635 1892
635 1893
636 1895
636 1896
637 1898
637 1899
638 1901
638 1902
639 1904
639 1905
640 1907
640 1908
641 1910
641 1911
642 1913
642 1914
643 1916
643 1917
644 1919
644 1920
645 1922
645 1923
646 1925
646 1926
647 1928
647 1929
648 1931
648 1932
649 1934
649 1935
650 1937
650 1938
651 1940
651 1941
652 1943
652 1944
653 1946
653 1947
654 1949
654 1950
655 1952
655 1953
656 1955
656 1956
657 1958
657 1959
658 1961
658 1962
659 1964
659 1965
660 1967
660 1968
661 1970
661 1971
662 1973
662 1974
663 1976
663 1977
664 1979
664 1980
665 1982
665 1983
666 1985
666 1986
667 1988
667 1989
668 1991
668 1992
669 1994
669 1995
670 1997
670 1998
671 2000
671 2001
672 2003
672 2004
673 2006
673 2007
674 2009
674 2010
675 2012
675 2013
676 2015
676 2016
677 2018
677 2019
678 2021
678 2022
679 2024
679 2025
680 2027
680 2028
681 2030
681 2031
682 2033
682 2034
683 2036
683 2037
684 2039
684 2040
685 2042
685 2043
686 2045
686 2046
687 2048
687 2049
688 2051
688 2052
689 2054
689 2055
690 2057
690 2058
691 2060
691 2061
692 2063
692 2064
693 2066
693 2067
694 2069
694 2070
695 2072
695 2073
696 2075
696 2076
697 2078
697 2079
698 2081
698 2082
699 2084
699 2085
700 2087
700 2088
701 2090
701 2091
702 2093
702 2094
703 2096
703 2097
704 2099
704 2100
705 2102
705 2103
706 2105
706 2106
707 2108
707 2109
708 2111
708 2112
709 2114
709 2115
710 2117
710 2118
711 2120
711 2121
712 2123
712 2124
713 2126
713 2127
714 2129
714 2130
715 2132
715 2133
716 2135
716 2136
717 2138
717 2139
718 2141
718 2142
719 2144
719 2145
720 2147
720 2148
721 2150
721 2151
722 2153
722 2154
723 2156
723 2157
724 2159
724 2160
725 2162
725 2163
726 2165
726 2166
727 2168
727 2169
728 2171
728 2172
729 2174
729 2175
730 2177
730 2178
731 2180
731 2181
732 2183
732 2184
733 2186
733 2187
734 2189
734 2190
735 2192
735 2193
736 2195
736 2196
737 2198
737 2199
738 2201
738 2202
739 2204
739 2205
740 2207
740 2208
741 2210
741 2211
742 2213
742 2214
743 2216
743 2217
744 2219
744 2220
745 2222
745 2223
746 2225
746 2226
747 2228
747 2229
748 2231
748 2232
749 2234
749 2235
750 2237
750 2238
751 2240
751 2241
752 2243
752 2244
753 2246
753 2247
754 2249
754 2250
755 2252
755 2253
756 2255
756 2256
757 2258
757 2259
758 2261
758 2262
759 2264
759 2265
760 2267
760 2268
761 2270
761 2271
762 2273
762 2274
763 2276
763 2277
764 2279
764 2280
765 2282
765 2283
766 2285
766 2286
767 2288
767 2289
768 2291
768 2292
769 2294
769 2295
770 2297
770 2298
771 2300
771 2301
772 2303
772 2304
773 2306
773 2307
774 2309
774 2310
775 2312
775 2313
776 2315
776 2316
777 2318
777 2319
778 2321
778 2322
779 2324
779 2325
780 2327
780 2328
781 2330
781 2331
782 2333
782 2334
783 2336
783 2337
784 2339
784 2340
785 2342
785 2343
786 2345
786 2346
787 2348
787 2349
788 2351
788 2352
789 2354
789 2355
790 2357
790 2358
791 2360
791 2361
792 2363
792 2364
793 2366
793 2367
794 2369
794 2370
795 2372
795 2373
796 2375
796 2376
797 2378
797 2379
798 2381
798 2382
799 2384
799 2385
800 2387
800 2388
801 2390
801 2391
802 2393
802 2394
803 2396
803 2397
804 2399
804 2400
805 2402
805 2403
806 2405
806 2406
807 2408
807 2409
808 2411
808 2412
809 2414
809 2415
810 2417
810 2418
811 2420
811 2421
812 2423
812 2424
813 2426
813 2427
814 2429
814 2430
815 2432
815 2433
816 2435
816 2436
817 2438
817 2439
818 2441
818 2442
819 2444
819 2445
820 2447
820 2448
821 2450
821 2451
822 2453
822 2454
823 2456
823 2457
824 2459
824 2460
825 2462
825 2463
826 2465
826 2466
827 2468
827 2469
828 2471
828 2472
829 2474
829 2475
830 2477
830 2478
831 2480
831 2481
832 2483
832 2484
833 2486
833 2487
834 2489
834 2490
835 2492
835 2493
836 2495
836 2496
837 2498
837 2499
838 2501
838 2502
839 2504
839 2505
840 2507
840 2508
841 2510
841 2511
842 2513
842 2514
843 2516
843 2517
844 2519
844 2520
845 2522
845 2523
846 2525
846 2526
847 2528
847 2529
848 2531
848 2532
849 2534
849 2535
850 2537
850 2538
851 2540
851 2541
852 2543
852 2544
853 2546
853 2547
854 2549
854 2550
855 2552
855 2553
856 2555
856 2556
857 2558
857 2559
858 2561
858 2562
859 2564
859 2565
860 2567
860 2568
861 2570
861 2571
862 2573
862 2574
863 2576
863 2577
864 2579
864 2580
865 2582
865 2583
866 2585
866 2586
867 2588
867 2589
868 2591
868 2592
869 2594
869 2595
870 2597
870 2598
871 2600
871 2601
872 2603
872 2604
873 2606
873 2607
874 2609
874 2610
875 2612
875 2613
876 2615
876 2616
877 2618
877 2619
878 2621
878 2622
879 2624
879 2625
880 2627
880 2628
881 2630
881 2631
882 2633
882 2634
883 2636
883 2637
884 2639
884 2640
885 2642
885 2643
886 2645
886 2646
887 2648
887 2649
888 2651
888 2652
889 2654
889 2655
890 2657
890 2658
891 2660
891 2661
892 2663
892 2664
893 2666
893 2667
894 2669
894 2670
895 2672
895 2673
896 2675
896 2676
897 2678
897 2679
898 2681
898 2682
899 2684
899 2685
900 2687
900 2688
901 2690
901 2691
902 2693
902 2694
903 2696
903 2697
904 2699
904 2700
905 2702
905 2703
906 2705
906 2706
907 2708
907 2709
908 2711
908 2712
909 2714
909 2715
910 2717
910 2718
911 2720
911 2721
912 2723
912 2724
913 2726
913 2727
914 2729
914 2730
915 2732
915 2733
916 2735
916 2736
917 2738
917 2739
918 2741
918 2742
919 2744
919 2745
920 2747
920 2748
921 2750
921 2751
922 2753
922 2754
923 2756
923 2757
924 2759
924 2760
925 2762
925 2763
926 2765
926 2766
927 2768
927 2769
928 2771
928 2772
929 2774
929 2775
930 2777
930 2778
931 2780
931 2781
932 2783
932 2784
933 2786
933 2787
934 2789
934 2790
935 2792
935 2793
936 2795
936 2796
937 2798
937 2799
938 2801
938 2802
939 2804
939 2805
940 2807
940 2808
941 2810
941 2811
942 2813
942 2814
943 2816
943 2817
944 2819
944 2820
945 2822
945 2823
946 2825
946 2826
947 2828
947 2829
948 2831
948 2832
949 2834
949 2835
950 2837
950 2838
951 2840
951 2841
952 2843
952 2844
953 2846
953 2847
954 2849
954 2850
955 2852
955 2853
956 2855
956 2856
957 2858
957 2859
958 2861
958 2862
959 2864
959 2865
960 2867
960 2868
961 2870
961 2871
962 2873
962 2874
963 2876
963 2877
964 2879
964 2880
965 2882
965 2883
966 2885
966 2886
967 2888
967 2889
968 2891
968 2892
969 2894
969 2895
970 2897
970 2898
971 2900
971 2901
972 2903
972 2904
973 2906
973 2907
974 2909
974 2910
975 2912
975 2913
976 2915
976 2916
977 2918
977 2919
978 2921
978 2922
979 2924
979 2925
980 2927
980 2928
981 2930
981 2931
982 2933
982 2934
983 2936
983 2937
984 2939
984 2940
985 2942
985 2943
986 2945
986 2946
987 2948
987 2949
988 2951
988 2952
989 2954
989 2955
990 2957
990 2958
991 2960
991 2961
992 2963
992 2964
993 2966
993 2967
994 2969
994 2970
995 2972
995 2973
996 2975
996 2976
997 2978
997 2979
998 2981
998 2982
999 2984
999 2985
1000 2987
1000 2988
1001 2990
1001 2991
1002 2993
1002 2994
1003 2996
1003 2997
1004 2999
1004 3000
1005 3002
1005 3003
1006 3005
1006 3006
1007 3008
1007 3009
1008 3011
1008 3012
1009 3014
1009 3015
1010 3017
1010 3018
1011 3020
1011 3021
1012 3023
1012 3024
1013 3026
1013 3027
1014 3029
1014 3030
1015 3032
1015 3033
1016 3035
1016 3036
1017 3038
1017 3039
1018 3041
1018 3042
1019 3044
1019 3045
1020 3047
1020 3048
1021 3050
1021 3051
1022 3053
1022 3054
1023 3056
1023 3057
1024 3059
1024 3060
1025 3062
1025 3063
1026 3065
1026 3066
1027 3068
1027 3069
1028 3071
1028 3072
1029 3074
1029 3075
1030 3077
1030 3078
1031 3080
1031 3081
1032 3083
1032 3084
1033 3086
1033 3087
1034 3089
1034 3090
1035 3092
1035 3093
1036 3095
1036 3096
1037 3098
1037 3099
1038 3101
1038 3102
1039 3104
1039 3105
1040 3107
1040 3108
1041 3110
1041 3111
1042 3113
1042 3114
1043 3116
1043 3117
1044 3119
1044 3120
1045 3122
1045 3123
1046 3125
1046 3126
1047 3128
1047 3129
1048 3131
1048 3132
1049 3134
1049 3135
1050 3137
1050 3138
1051 3140
1051 3141
1052 3143
1052 3144
1053 3146
1053 3147
1054 3149
1054 3150
1055 3152
1055 3153
1056 3155
1056 3156
1057 3158
1057 3159
1058 3161
1058 3162
1059 3164
1059 3165
1060 3167
1060 3168
1061 3170
1061 3171
1062 3173
1062 3174
1063 3176
1063 3177
1064 3179
1064 3180
1065 3182
1065 3183
1066 3185
1066 3186
1067 3188
1067 3189
1068 3191
1068 3192
1069 3194
1069 3195
1070 3197
1070 3198
1071 3200
1071 3201
1072 3203
1072 3204
1073 3206
1073 3207
1074 3209
1074 3210
1075 3212
1075 3213
1076 3215
1076 3216
1077 3218
1077 3219
1078 3221
1078 3222
1079 3224
1079 3225
1080 3227
1080 3228
1081 3230
1081 3231
1082 3233
1082 3234
1083 3236
1083 3237
1084 3239
1084 3240
1085 3242
1085 3243
1086 3245
1086 3246
1087 3248
1087 3249
1088 3251
1088 3252
1089 3254
1089 3255
1090 3257
1090 3258
1091 3260
1091 3261
1092 3263
1092 3264
1093 3266
1093 3267
1094 3269
1094 3270
1095 3272
1095 3273
1096 3275
1096 3276
1097 3278
1097 3279
1098 3281
1098 3282
1099 3284
1099 3285
1100 3287
1100 3288
1101 3290
1101 3291
1102 3293
1102 3294
1103 3296
1103 3297
1104 3299
1104 3300
1105 3302
1105 3303
1106 3305
1106 3306
1107 3308
1107 3309
1108 3311
1108 3312
1109 3314
1109 3315
1110 3317
1110 3318
1111 3320
1111 3321
1112 3323
1112 3324
1113 3326
1113 3327
1114 3329
1114 3330
1115 3332
1115 3333
1116 3335
1116 3336
1117 3338
1117 3339
1118 3341
1118 3342
1119 3344
1119 3345
1120 3347
1120 3348
1121 3350
1121 3351
1122 3353
1122 3354
1123 3356
1123 3357
1124 3359
1124 3360
1125 3362
1125 3363
1126 3365
1126 3366
1127 3368
1127 3369
1128 3371
1128 3372
1129 3374
1129 3375
1130 3377
1130 3378
1131 3380
1131 3381
1132 3383
1132 3384
1133 3386
1133 3387
1134 3389
1134 3390
1135 3392
1135 3393
1136 3395
1136 3396
1137 3398
1137 3399
1138 3401
1138 3402
1139 3404
1139 3405
1140 3407
1140 3408
1141 3410
1141 3411
1142 3413
1142 3414
1143 3416
1143 3417
1144 3419
1144 3420
1145 3422
1145 3423
1146 3425
1146 3426
1147 3428
1147 3429
1148 3431
1148 3432
1149 3434
1149 3435
1150 3437
1150 3438
1151 3440
1151 3441
1152 3443
1152 3444
1153 3446
1153 3447
1154 3449
1154 3450
1155 3452
1155 3453
1156 3455
1156 3456
1157 3458
1157 3459
1158 3461
1158 3462
1159 3464
1159 3465
1160 3467
1160 3468
1161 3470
1161 3471
1162 3473
1162 3474
1163 3476
1163 3477
1164 3479
1164 3480
1165 3482
1165 3483
1166 3485
1166 3486
1167 3488
1167 3489
1168 3491
1168 3492
1169 3494
1169 3495
1170 3497
1170 3498
1171 3500
1171 3501
1172 3503
1172 3504
1173 3506
1173 3507
1174 3509
1174 3510
1175 3512
1175 3513
1176 3515
1176 3516
1177 3518
1177 3519
1178 3521
1178 3522
1179 3524
1179 3525
1180 3527
1180 3528
1181 3530
1181 3531
1182 3533
1182 3534
1183 3536
1183 3537
1184 3539
1184 3540
1185 3542
1185 3543
1186 3545
1186 3546
1187 3548
1187 3549
1188 3551
1188 3552
1189 3554
1189 3555
1190 3557
1190 3558
1191 3560
1191 3561
1192 3563
1192 3564
1193 3566
1193 3567
1194 3569
1194 3570
1195 3572
1195 3573
1196 3575
1196 3576
1197 3578
1197 3579
1198 3581
1198 3582
1199 3584
1199 3585
1200 3587
1200 3588
1201 3590
1201 3591
1202 3593
1202 3594
1203 3596
1203 3597
1204 3599
1204 3600
1205 3602
1205 3603
1206 3605
1206 3606
1207 3608
1207 3609
1208 3611
1208 3612
1209 3614
1209 3615
1210 3617
1210 3618
1211 3620
1211 3621
1212 3623
1212 3624
1213 3626
1213 3627
1214 3629
1214 3630
1215 3632
1215 3633
1216 3635
1216 3636
1217 3638
1217 3639
1218 3641
1218 3642
1219 3644
1219 3645
1220 3647
1220 3648
1221 3650
1221 3651
1222 3653
1222 3654
1223 3656
1223 3657
1224 3659
1224 3660
1225 3662
1225 3663
1226 3665
1226 3666
1227 3668
1227 3669
1228 3671
1228 3672
1229 3674
1229 3675
1230 3677
1230 3678
1231 3680
1231 3681
1232 3683
1232 3684
1233 3686
1233 3687
1234 3689
1234 3690
1235 3692
1235 3693
1236 3695
1236 3696
1237 3698
1237 3699
1238 3701
1238 3702
1239 3704
1239 3705
1240 3707
1240 3708
1241 3710
1241 3711
1242 3713
1242 3714
1243 3716
1243 3717
1244 3719
1244 3720
1245 3722
1245 3723
1246 3725
1246 3726
1247 3728
1247 3729
1248 3731
1248 3732
1249 3734
1249 3735
1250 3737
1250 3738
1251 3740
1251 3741
1252 3743
1252 3744
1253 3746
1253 3747
1254 3749
1254 3750
1255 3752
1255 3753
1256 3755
1256 3756
1257 3758
1257 3759
1258 3761
1258 3762
1259 3764
1259 3765
1260 3767
1260 3768
1261 3770
1261 3771
1262 3773
1262 3774
1263 3776
1263 3777
1264 3779
1264 3780
1265 3782
1265 3783
1266 3785
1266 3786
1267 3788
1267 3789
1268 3791
1268 3792
1269 3794
1269 3795
1270 3797
1270 3798
1271 3800
1271 3801
1272 3803
1272 3804
1273 3806
1273 3807
1274 3809
1274 3810
1275 3812
1275 3813
1276 3815
1276 3816
1277 3818
1277 3819
1278 3821
1278 3822
1279 3824
1279 3825
1280 3827
1280 3828
1281 3830
1281 3831
1282 3833
1282 3834
1283 3836
1283 3837
1284 3839
1284 3840
1285 3842
1285 3843
1286 3845
1286 3846
1287 3848
1287 3849
1288 3851
1288 3852
1289 3854
1289 3855
1290 3857
1290 3858
1291 3860
1291 3861
1292 3863
1292 3864
1293 3866
1293 3867
1294 3869
1294 3870
1295 3872
1295 3873
1296 3875
1296 3876
1297 3878
1297 3879
1298 3881
1298 3882
1299 3884
1299 3885
1300 3887
1300 3888
1301 3890
1301 3891
1302 3893
1302 3894
1303 3896
1303 3897
1304 3899
1304 3900
1305 3902
1305 3903
1306 3905
1306 3906
1307 3908
1307 3909
1308 3911
1308 3912
1309 3914
1309 3915
1310 3917
1310 3918
1311 3920
1311 3921
1312 3923
1312 3924
1313 3926
1313 3927
1314 3929
1314 3930
1315 3932
1315 3933
1316 3935
1316 3936
1317 3938
1317 3939
1318 3941
1318 3942
1319 3944
1319 3945
1320 3947
1320 3948
1321 3950
1321 3951
1322 3953
1322 3954
1323 3956
1323 3957
1324 3959
1324 3960
1325 3962
1325 3963
1326 3965
1326 3966
1327 3968
1327 3969
1328 3971
1328 3972
1329 3974
1329 3975
1330 3977
1330 3978
1331 3980
1331 3981
1332 3983
1332 3984
1333 3986
1333 3987
1334 3989
1334 3990
1335 3992
1335 3993
1336 3995
1336 3996
1337 3998
1337 3999
1338 4001
1338 4002
1339 4004
1339 4005
1340 4007
1340 4008
1341 4010
1341 4011
1342 4013
1342 4014
1343 4016
1343 4017
1344 4019
1344 4020
1345 4022
1345 4023
1346 4025
1346 4026
1347 4028
1347 4029
1348 4031
1348 4032
1349 4034
1349 4035
1350 4037
1350 4038
1351 4040
1351 4041
1352 4043
1352 4044
1353 4046
1353 4047
1354 4049
1354 4050
1355 4052
1355 4053
1356 4055
1356 4056
1357 4058
1357 4059
1358 4061
1358 4062
1359 4064
1359 4065
1360 4067
1360 4068
1361 4070
1361 4071
1362 4073
1362 4074
1363 4076
1363 4077
1364 4079
1364 4080
1365 4082
1365 4083
1366 4085
1366 4086
1367 4088
1367 4089
1368 4091
1368 4092
1369 4094
1369 4095
1370 4097
1370 4098
1371 4100
1371 4101
1372 4103
1372 4104
1373 4106
1373 4107
1374 4109
1374 4110
1375 4112
1375 4113
1376 4115
1376 4116
1377 4118
1377 4119
1378 4121
1378 4122
1379 4124
1379 4125
1380 4127
1380 4128
1381 4130
1381 4131
1382 4133
1382 4134
1383 4136
1383 4137
1384 4139
1384 4140
1385 4142
1385 4143
1386 4145
1386 4146
1387 4148
1387 4149
1388 4151
1388 4152
1389 4154
1389 4155
1390 4157
1390 4158
1391 4160
1391 4161
1392 4163
1392 4164
1393 4166
1393 4167
1394 4169
1394 4170
1395 4172
1395 4173
1396 4175
1396 4176
1397 4178
1397 4179
1398 4181
1398 4182
1399 4184
1399 4185
1400 4187
1400 4188
1401 4190
1401 4191
1402 4193
1402 4194
1403 4196
1403 4197
1404 4199
1404 4200
1405 4202
1405 4203
1406 4205
1406 4206
1407 4208
1407 4209
1408 4211
1408 4212
1409 4214
1409 4215
1410 4217
1410 4218
1411 4220
1411 4221
1412 4223
1412 4224
1413 4226
1413 4227
1414 4229
1414 4230
1415 4232
1415 4233
1416 4235
1416 4236
1417 4238
1417 4239
1418 4241
1418 4242
1419 4244
1419 4245
1420 4247
1420 4248
1421 4250
1421 4251
1422 4253
1422 4254
1423 4256
1423 4257
1424 4259
1424 4260
1425 4262
1425 4263
1426 4265
1426 4266
1427 4268
1427 4269
1428 4271
1428 4272
1429 4274
1429 4275
1430 4277
1430 4278
1431 4280
1431 4281
1432 4283
1432 4284
1433 4286
1433 4287
1434 4289
1434 4290
1435 4292
1435 4293
1436 4295
1436 4296
1437 4298
1437 4299
1438 4301
1438 4302
1439 4304
1439 4305
1440 4307
1440 4308
1441 4310
1441 4311
1442 4313
1442 4314
1443 4316
1443 4317
1444 4319
1444 4320
1445 4322
1445 4323
1446 4325
1446 4326
1447 4328
1447 4329
1448 4331
1448 4332
1449 4334
1449 4335
1450 4337
1450 4338
1451 4340
1451 4341
1452 4343
1452 4344
1453 4346
1453 4347
1454 4349
1454 4350
1455 4352
1455 4353
1456 4355
1456 4356
1457 4358
1457 4359
1458 4361
1458 4362
1459 4364
1459 4365
1460 4367
1460 4368
1461 4370
1461 4371
1462 4373
1462 4374
1463 4376
1463 4377
1464 4379
1464 4380
1465 4382
1465 4383
1466 4385
1466 4386
1467 4388
1467 4389
1468 4391
1468 4392
1469 4394
1469 4395
1470 4397
1470 4398
1471 4400
1471 4401
1472 4403
1472 4404
1473 4406
1473 4407
1474 4409
1474 4410
1475 4412
1475 4413
1476 4415
1476 4416
1477 4418
1477 4419
1478 4421
1478 4422
1479 4424
1479 4425
1480 4427
1480 4428
1481 4430
1481 4431
1482 4433
1482 4434
1483 4436
1483 4437
1484 4439
1484 4440
1485 4442
1485 4443
1486 4445
1486 4446
1487 4448
1487 4449
1488 4451
1488 4452
1489 4454
1489 4455
1490 4457
1490 4458
1491 4460
1491 4461
1492 4463
1492 4464
1493 4466
1493 4467
1494 4469
1494 4470
1495 4472
1495 4473
1496 4475
1496 4476
1497 4478
1497 4479
1498 4481
1498 4482
1499 4484
1499 4485
1500 4487
1500 4488
1501 4490
1501 4491
1502 4493
1502 4494
1503 4496
1503 4497
1504 4499
1504 4500
3000
1 2 2
2 3 2
3 4 2
4 5 2
5 6 2
6 7 2
7 8 2
8 9 2
9 10 2
10 11 2
11 12 2
12 13 2
13 14 2
14 15 2
15 16 2
16 17 2
17 18 2
18 19 2
19 20 2
20 21 2
21 22 2
22 23 2
23 24 2
24 25 2
25 26 2
26 27 2
27 28 2
28 29 2
29 30 2
30 31 2
31 32 2
32 33 2
33 34 2
34 35 2
35 36 2
36 37 2
37 38 2
38 39 2
39 40 2
40 41 2
41 42 2
42 43 2
43 44 2
44 45 2
45 46 2
46 47 2
47 48 2
48 49 2
49 50 2
50 51 2
51 52 2
52 53 2
53 54 2
54 55 2
55 56 2
56 57 2
57 58 2
58 59 2
59 60 2
60 61 2
61 62 2
62 63 2
63 64 2
64 65 2
65 66 2
66 67 2
67 68 2
68 69 2
69 70 2
70 71 2
71 72 2
72 73 2
73 74 2
74 75 2
75 76 2
76 77 2
77 78 2
78 79 2
79 80 2
80 81 2
81 82 2
82 83 2
83 84 2
84 85 2
85 86 2
86 87 2
87 88 2
88 89 2
89 90 2
90 91 2
91 92 2
92 93 2
93 94 2
94 95 2
95 96 2
96 97 2
97 98 2
98 99 2
99 100 2
100 101 2
101 102 2
102 103 2
103 104 2
104 105 2
105 106 2
106 107 2
107 108 2
108 109 2
109 110 2
110 111 2
111 112 2
112 113 2
113 114 2
114 115 2
115 116 2
116 117 2
117 118 2
118 119 2
119 120 2
120 121 2
121 122 2
122 123 2
123 124 2
124 125 2
125 126 2
126 127 2
127 128 2
128 129 2
129 130 2
130 131 2
131 132 2
132 133 2
133 134 2
134 135 2
135 136 2
136 137 2
137 138 2
138 139 2
139 140 2
140 141 2
141 142 2
142 143 2
143 144 2
144 145 2
145 146 2
146 147 2
147 148 2
148 149 2
149 150 2
150 151 2
151 152 2
152 153 2
153 154 2
154 155 2
155 156 2
156 157 2
157 158 2
158 159 2
159 160 2
160 161 2
161 162 2
162 163 2
163 164 2
164 165 2
165 166 2
166 167 2
167 168 2
168 169 2
169 170 2
170 171 2
171 172 2
172 173 2
173 174 2
174 175 2
175 176 2
176 177 2
177 178 2
178 179 2
179 180 2
180 181 2
181 182 2
182 183 2
183 184 2
184 185 2
185 186 2
186 187 2
187 188 2
188 189 2
189 190 2
190 191 2
191 192 2
192 193 2
193 194 2
194 195 2
195 196 2
196 197 2
197 198 2
198 199 2
199 200 2
200 201 2
201 202 2
202 203 2
203 204 2
204 205 2
205 206 2
206 207 2
207 208 2
208 209 2
209 210 2
210 211 2
211 212 2
212 213 2
213 214 2
214 215 2
215 216 2
216 217 2
217 218 2
218 219 2
219 220 2
220 221 2
221 222 2
222 223 2
223 224 2
224 225 2
225 226 2
226 227 2
227 228 2
228 229 2
229 230 2
230 231 2
231 232 2
232 233 2
233 234 2
234 235 2
235 236 2
236 237 2
237 238 2
238 239 2
239 240 2
240 241 2
241 242 2
242 243 2
243 244 2
244 245 2
245 246 2
246 247 2
247 248 2
248 249 2
249 250 2
250 251 2
251 252 2
252 253 2
253 254 2
254 255 2
255 256 2
256 257 2
257 258 2
258 259 2
259 260 2
260 261 2
261 262 2
262 263 2
263 264 2
264 265 2
265 266 2
266 267 2
267 268 2
268 269 2
269 270 2
270 271 2
271 272 2
272 273 2
273 274 2
274 275 2
275 276 2
276 277 2
277 278 2
278 279 2
279 280 2
280 281 2
281 282 2
282 283 2
283 284 2
284 285 2
285 286 2
286 287 2
287 288 2
288 289 2
289 290 2
290 291 2
291 292 2
292 293 2
293 294 2
294 295 2
295 296 2
296 297 2
297 298 2
298 299 2
299 300 2
300 301 2
301 302 2
302 303 2
303 304 2
304 305 2
305 306 2
306 307 2
307 308 2
308 309 2
309 310 2
310 311 2
311 312 2
312 313 2
313 314 2
314 315 2
315 316 2
316 317 2
317 318 2
318 319 2
319 320 2
320 321 2
321 322 2
322 323 2
323 324 2
324 325 2
325 326 2
326 327 2
327 328 2
328 329 2
329 330 2
330 331 2
331 332 2
332 333 2
333 334 2
334 335 2
335 336 2
336 337 2
337 338 2
338 339 2
339 340 2
340 341 2
341 342 2
342 343 2
343 344 2
344 345 2
345 346 2
346 347 2
347 348 2
348 349 2
349 350 2
350 351 2
351 352 2
352 353 2
353 354 2
354 355 2
355 356 2
356 357 2
357 358 2
358 359 2
359 360 2
360 361 2
361 362 2
362 363 2
363 364 2
364 365 2
365 366 2
366 367 2
367 368 2
368 369 2
369 370 2
370 371 2
371 372 2
372 373 2
373 374 2
374 375 2
375 376 2
376 377 2
377 378 2
378 379 2
379 380 2
380 381 2
381 382 2
382 383 2
383 384 2
384 385 2
385 386 2
386 387 2
387 388 2
388 389 2
389 390 2
390 391 2
391 392 2
392 393 2
393 394 2
394 395 2
395 396 2
396 397 2
397 398 2
398 399 2
399 400 2
400 401 2
401 402 2
402 403 2
403 404 2
404 405 2
405 406 2
406 407 2
407 408 2
408 409 2
409 410 2
410 411 2
411 412 2
412 413 2
413 414 2
414 415 2
415 416 2
416 417 2
417 418 2
418 419 2
419 420 2
420 421 2
421 422 2
422 423 2
423 424 2
424 425 2
425 426 2
426 427 2
427 428 2
428 429 2
429 430 2
430 431 2
431 432 2
432 433 2
433 434 2
434 435 2
435 436 2
436 437 2
437 438 2
438 439 2
439 440 2
440 441 2
441 442 2
442 443 2
443 444 2
444 445 2
445 446 2
446 447 2
447 448 2
448 449 2
449 450 2
450 451 2
451 452 2
452 453 2
453 454 2
454 455 2
455 456 2
456 457 2
457 458 2
458 459 2
459 460 2
460 461 2
461 462 2
462 463 2
463 464 2
464 465 2
465 466 2
466 467 2
467 468 2
468 469 2
469 470 2
470 471 2
471 472 2
472 473 2
473 474 2
474 475 2
475 476 2
476 477 2
477 478 2
478 479 2
479 480 2
480 481 2
481 482 2
482 483 2
483 484 2
484 485 2
485 486 2
486 487 2
487 488 2
488 489 2
489 490 2
490 491 2
491 492 2
492 493 2
493 494 2
494 495 2
495 496 2
496 497 2
497 498 2
498 499 2
499 500 2
500 501 2
501 502 2
502 503 2
503 504 2
504 505 2
505 506 2
506 507 2
507 508 2
508 509 2
509 510 2
510 511 2
511 512 2
512 513 2
513 514 2
514 515 2
515 516 2
516 517 2
517 518 2
518 519 2
519 520 2
520 521 2
521 522 2
522 523 2
523 524 2
524 525 2
525 526 2
526 527 2
527 528 2
528 529 2
529 530 2
530 531 2
531 532 2
532 533 2
533 534 2
534 535 2
535 536 2
536 537 2
537 538 2
538 539 2
539 540 2
540 541 2
541 542 2
542 543 2
543 544 2
544 545 2
545 546 2
546 547 2
547 548 2
548 549 2
549 550 2
550 551 2
551 552 2
552 553 2
553 554 2
554 555 2
555 556 2
556 557 2
557 558 2
558 559 2
559 560 2
560 561 2
561 562 2
562 563 2
563 564 2
564 565 2
565 566 2
566 567 2
567 568 2
568 569 2
569 570 2
570 571 2
571 572 2
572 573 2
573 574 2
574 575 2
575 576 2
576 577 2
577 578 2
578 579 2
579 580 2
580 581 2
581 582 2
582 583 2
583 584 2
584 585 2
585 586 2
586 587 2
587 588 2
588 589 2
589 590 2
590 591 2
591 592 2
592 593 2
593 594 2
594 595 2
595 596 2
596 597 2
597 598 2
598 599 2
599 600 2
600 601 2
601 602 2
602 603 2
603 604 2
604 605 2
605 606 2
606 607 2
607 608 2
608 609 2
609 610 2
610 611 2
611 612 2
612 613 2
613 614 2
614 615 2
615 616 2
616 617 2
617 618 2
618 619 2
619 620 2
620 621 2
621 622 2
622 623 2
623 624 2
624 625 2
625 626 2
626 627 2
627 628 2
628 629 2
629 630 2
630 631 2
631 632 2
632 633 2
633 634 2
634 635 2
635 636 2
636 637 2
637 638 2
638 639 2
639 640 2
640 641 2
641 642 2
642 643 2
643 644 2
644 645 2
645 646 2
646 647 2
647 648 2
648 649 2
649 650 2
650 651 2
651 652 2
652 653 2
653 654 2
654 655 2
655 656 2
656 657 2
657 658 2
658 659 2
659 660 2
660 661 2
661 662 2
662 663 2
663 664 2
664 665 2
665 666 2
666 667 2
667 668 2
668 669 2
669 670 2
670 671 2
671 672 2
672 673 2
673 674 2
674 675 2
675 676 2
676 677 2
677 678 2
678 679 2
679 680 2
680 681 2
681 682 2
682 683 2
683 684 2
684 685 2
685 686 2
686 687 2
687 688 2
688 689 2
689 690 2
690 691 2
691 692 2
692 693 2
693 694 2
694 695 2
695 696 2
696 697 2
697 698 2
698 699 2
699 700 2
700 701 2
701 702 2
702 703 2
703 704 2
704 705 2
705 706 2
706 707 2
707 708 2
708 709 2
709 710 2
710 711 2
711 712 2
712 713 2
713 714 2
714 715 2
715 716 2
716 717 2
717 718 2
718 719 2
719 720 2
720 721 2
721 722 2
722 723 2
723 724 2
724 725 2
725 726 2
726 727 2
727 728 2
728 729 2
729 730 2
730 731 2
731 732 2
732 733 2
733 734 2
734 735 2
735 736 2
736 737 2
737 738 2
738 739 2
739 740 2
740 741 2
741 742 2
742 743 2
743 744 2
744 745 2
745 746 2
746 747 2
747 748 2
748 749 2
749 750 2
750 751 2
751 752 2
752 753 2
753 754 2
754 755 2
755 756 2
756 757 2
757 758 2
758 759 2
759 760 2
760 761 2
761 762 2
762 763 2
763 764 2
764 765 2
765 766 2
766 767 2
767 768 2
768 769 2
769 770 2
770 771 2
771 772 2
772 773 2
773 774 2
774 775 2
775 776 2
776 777 2
777 778 2
778 779 2
779 780 2
780 781 2
781 782 2
782 783 2
783 784 2
784 785 2
785 786 2
786 787 2
787 788 2
788 789 2
789 790 2
790 791 2
791 792 2
792 793 2
793 794 2
794 795 2
795 796 2
796 797 2
797 798 2
798 799 2
799 800 2
800 801 2
801 802 2
802 803 2
803 804 2
804 805 2
805 806 2
806 807 2
807 808 2
808 809 2
809 810 2
810 811 2
811 812 2
812 813 2
813 814 2
814 815 2
815 816 2
816 817 2
817 818 2
818 819 2
819 820 2
820 821 2
821 822 2
822 823 2
823 824 2
824 825 2
825 826 2
826 827 2
827 828 2
828 829 2
829 830 2
830 831 2
831 832 2
832 833 2
833 834 2
834 835 2
835 836 2
836 837 2
837 838 2
838 839 2
839 840 2
840 841 2
841 842 2
842 843 2
843 844 2
844 845 2
845 846 2
846 847 2
847 848 2
848 849 2
849 850 2
850 851 2
851 852 2
852 853 2
853 854 2
854 855 2
855 856 2
856 857 2
857 858 2
858 859 2
859 860 2
860 861 2
861 862 2
862 863 2
863 864 2
864 865 2
865 866 2
866 867 2
867 868 2
868 869 2
869 870 2
870 871 2
871 872 2
872 873 2
873 874 2
874 875 2
875 876 2
876 877 2
877 878 2
878 879 2
879 880 2
880 881 2
881 882 2
882 883 2
883 884 2
884 885 2
885 886 2
886 887 2
887 888 2
888 889 2
889 890 2
890 891 2
891 892 2
892 893 2
893 894 2
894 895 2
895 896 2
896 897 2
897 898 2
898 899 2
899 900 2
900 901 2
901 902 2
902 903 2
903 904 2
904 905 2
905 906 2
906 907 2
907 908 2
908 909 2
909 910 2
910 911 2
911 912 2
912 913 2
913 914 2
914 915 2
915 916 2
916 917 2
917 918 2
918 919 2
919 920 2
920 921 2
921 922 2
922 923 2
923 924 2
924 925 2
925 926 2
926 927 2
927 928 2
928 929 2
929 930 2
930 931 2
931 932 2
932 933 2
933 934 2
934 935 2
935 936 2
936 937 2
937 938 2
938 939 2
939 940 2
940 941 2
941 942 2
942 943 2
943 944 2
944 945 2
945 946 2
946 947 2
947 948 2
948 949 2
949 950 2
950 951 2
951 952 2
952 953 2
953 954 2
954 955 2
955 956 2
956 957 2
957 958 2
958 959 2
959 960 2
960 961 2
961 962 2
962 963 2
963 964 2
964 965 2
965 966 2
966 967 2
967 968 2
968 969 2
969 970 2
970 971 2
971 972 2
972 973 2
973 974 2
974 975 2
975 976 2
976 977 2
977 978 2
978 979 2
979 980 2
980 981 2
981 982 2
982 983 2
983 984 2
984 985 2
985 986 2
986 987 2
987 988 2
988 989 2
989 990 2
990 991 2
991 992 2
992 993 2
993 994 2
994 995 2
995 996 2
996 997 2
997 998 2
998 999 2
999 1000 2
1000 1001 2
1001 1002 2
1002 1003 2
1003 1004 2
1004 1005 2
1005 1006 2
1006 1007 2
1007 1008 2
1008 1009 2
1009 1010 2
1010 1011 2
1011 1012 2
1012 1013 2
1013 1014 2
1014 1015 2
1015 1016 2
1016 1017 2
1017 1018 2
1018 1019 2
1019 1020 2
1020 1021 2
1021 1022 2
1022 1023 2
1023 1024 2
1024 1025 2
1025 1026 2
1026 1027 2
1027 1028 2
1028 1029 2
1029 1030 2
1030 1031 2
1031 1032 2
1032 1033 2
1033 1034 2
1034 1035 2
1035 1036 2
1036 1037 2
1037 1038 2
1038 1039 2
1039 1040 2
1040 1041 2
1041 1042 2
1042 1043 2
1043 1044 2
1044 1045 2
1045 1046 2
1046 1047 2
1047 1048 2
1048 1049 2
1049 1050 2
1050 1051 2
1051 1052 2
1052 1053 2
1053 1054 2
1054 1055 2
1055 1056 2
1056 1057 2
1057 1058 2
1058 1059 2
1059 1060 2
1060 1061 2
1061 1062 2
1062 1063 2
1063 1064 2
1064 1065 2
1065 1066 2
1066 1067 2
1067 1068 2
1068 1069 2
1069 1070 2
1070 1071 2
1071 1072 2
1072 1073 2
1073 1074 2
1074 1075 2
1075 1076 2
1076 1077 2
1077 1078 2
1078 1079 2
1079 1080 2
1080 1081 2
1081 1082 2
1082 1083 2
1083 1084 2
1084 1085 2
1085 1086 2
1086 1087 2
1087 1088 2
1088 1089 2
1089 1090 2
1090 1091 2
1091 1092 2
1092 1093 2
1093 1094 2
1094 1095 2
1095 1096 2
1096 1097 2
1097 1098 2
1098 1099 2
1099 1100 2
1100 1101 2
1101 1102 2
1102 1103 2
1103 1104 2
1104 1105 2
1105 1106 2
1106 1107 2
1107 1108 2
1108 1109 2
1109 1110 2
1110 1111 2
1111 1112 2
1112 1113 2
1113 1114 2
1114 1115 2
1115 1116 2
1116 1117 2
1117 1118 2
1118 1119 2
1119 1120 2
1120 1121 2
1121 1122 2
1122 1123 2
1123 1124 2
1124 1125 2
1125 1126 2
1126 1127 2
1127 1128 2
1128 1129 2
1129 1130 2
1130 1131 2
1131 1132 2
1132 1133 2
1133 1134 2
1134 1135 2
1135 1136 2
1136 1137 2
1137 1138 2
1138 1139 2
1139 1140 2
1140 1141 2
1141 1142 2
1142 1143 2
1143 1144 2
1144 1145 2
1145 1146 2
1146 1147 2
1147 1148 2
1148 1149 2
1149 1150 2
1150 1151 2
1151 1152 2
1152 1153 2
1153 1154 2
1154 1155 2
1155 1156 2
1156 1157 2
1157 1158 2
1158 1159 2
1159 1160 2
1160 1161 2
1161 1162 2
1162 1163 2
1163 1164 2
1164 1165 2
1165 1166 2
1166 1167 2
1167 1168 2
1168 1169 2
1169 1170 2
1170 1171 2
1171 1172 2
1172 1173 2
1173 1174 2
1174 1175 2
1175 1176 2
1176 1177 2
1177 1178 2
1178 1179 2
1179 1180 2
1180 1181 2
1181 1182 2
1182 1183 2
1183 1184 2
1184 1185 2
1185 1186 2
1186 1187 2
1187 1188 2
1188 1189 2
1189 1190 2
1190 1191 2
1191 1192 2
1192 1193 2
1193 1194 2
1194 1195 2
1195 1196 2
1196 1197 2
1197 1198 2
1198 1199 2
1199 1200 2
1200 1201 2
1201 1202 2
1202 1203 2
1203 1204 2
1204 1205 2
1205 1206 2
1206 1207 2
1207 1208 2
1208 1209 2
1209 1210 2
1210 1211 2
1211 1212 2
1212 1213 2
1213 1214 2
1214 1215 2
1215 1216 2
1216 1217 2
1217 1218 2
1218 1219 2
1219 1220 2
1220 1221 2
1221 1222 2
1222 1223 2
1223 1224 2
1224 1225 2
1225 1226 2
1226 1227 2
1227 1228 2
1228 1229 2
1229 1230 2
1230 1231 2
1231 1232 2
1232 1233 2
1233 1234 2
1234 1235 2
1235 1236 2
1236 1237 2
1237 1238 2
1238 1239 2
1239 1240 2
1240 1241 2
1241 1242 2
1242 1243 2
1243 1244 2
1244 1245 2
1245 1246 2
1246 1247 2
1247 1248 2
1248 1249 2
1249 1250 2
1250 1251 2
1251 1252 2
1252 1253 2
1253 1254 2
1254 1255 2
1255 1256 2
1256 1257 2
1257 1258 2
1258 1259 2
1259 1260 2
1260 1261 2
1261 1262 2
1262 1263 2
1263 1264 2
1264 1265 2
1265 1266 2
1266 1267 2
1267 1268 2
1268 1269 2
1269 1270 2
1270 1271 2
1271 1272 2
1272 1273 2
1273 1274 2
1274 1275 2
1275 1276 2
1276 1277 2
1277 1278 2
1278 1279 2
1279 1280 2
1280 1281 2
1281 1282 2
1282 1283 2
1283 1284 2
1284 1285 2
1285 1286 2
1286 1287 2
1287 1288 2
1288 1289 2
1289 1290 2
1290 1291 2
1291 1292 2
1292 1293 2
1293 1294 2
1294 1295 2
1295 1296 2
1296 1297 2
1297 1298 2
1298 1299 2
1299 1300 2
1300 1301 2
1301 1302 2
1302 1303 2
1303 1304 2
1304 1305 2
1305 1306 2
1306 1307 2
1307 1308 2
1308 1309 2
1309 1310 2
1310 1311 2
1311 1312 2
1312 1313 2
1313 1314 2
1314 1315 2
1315 1316 2
1316 1317 2
1317 1318 2
1318 1319 2
1319 1320 2
1320 1321 2
1321 1322 2
1322 1323 2
1323 1324 2
1324 1325 2
1325 1326 2
1326 1327 2
1327 1328 2
1328 1329 2
1329 1330 2
1330 1331 2
1331 1332 2
1332 1333 2
1333 1334 2
1334 1335 2
1335 1336 2
1336 1337 2
1337 1338 2
1338 1339 2
1339 1340 2
1340 1341 2
1341 1342 2
1342 1343 2
1343 1344 2
1344 1345 2
1345 1346 2
1346 1347 2
1347 1348 2
1348 1349 2
1349 1350 2
1350 1351 2
1351 1352 2
1352 1353 2
1353 1354 2
1354 1355 2
1355 1356 2
1356 1357 2
1357 1358 2
1358 1359 2
1359 1360 2
1360 1361 2
1361 1362 2
1362 1363 2
1363 1364 2
1364 1365 2
1365 1366 2
1366 1367 2
1367 1368 2
1368 1369 2
1369 1370 2
1370 1371 2
1371 1372 2
1372 1373 2
1373 1374 2
1374 1375 2
1375 1376 2
1376 1377 2
1377 1378 2
1378 1379 2
1379 1380 2
1380 1381 2
1381 1382 2
1382 1383 2
1383 1384 2
1384 1385 2
1385 1386 2
1386 1387 2
1387 1388 2
1388 1389 2
1389 1390 2
1390 1391 2
1391 1392 2
1392 1393 2
1393 1394 2
1394 1395 2
1395 1396 2
1396 1397 2
1397 1398 2
1398 1399 2
1399 1400 2
1400 1401 2
1401 1402 2
1402 1403 2
1403 1404 2
1404 1405 2
1405 1406 2
1406 1407 2
1407 1408 2
1408 1409 2
1409 1410 2
1410 1411 2
1411 1412 2
1412 1413 2
1413 1414 2
1414 1415 2
1415 1416 2
1416 1417 2
1417 1418 2
1418 1419 2
1419 1420 2
1420 1421 2
1421 1422 2
1422 1423 2
1423 1424 2
1424 1425 2
1425 1426 2
1426 1427 2
1427 1428 2
1428 1429 2
1429 1430 2
1430 1431 2
1431 1432 2
1432 1433 2
1433 1434 2
1434 1435 2
1435 1436 2
1436 1437 2
1437 1438 2
1438 1439 2
1439 1440 2
1440 1441 2
1441 1442 2
1442 1443 2
1443 1444 2
1444 1445 2
1445 1446 2
1446 1447 2
1447 1448 2
1448 1449 2
1449 1450 2
1450 1451 2
1451 1452 2
1452 1453 2
1453 1454 2
1454 1455 2
1455 1456 2
1456 1457 2
1457 1458 2
1458 1459 2
1459 1460 2
1460 1461 2
1461 1462 2
1462 1463 2
1463 1464 2
1464 1465 2
1465 1466 2
1466 1467 2
1467 1468 2
1468 1469 2
1469 1470 2
1470 1471 2
1471 1472 2
1472 1473 2
1473 1474 2
1474 1475 2
1475 1476 2
1476 1477 2
1477 1478 2
1478 1479 2
1479 1480 2
1480 1481 2
1481 1482 2
1482 1483 2
1483 1484 2
1484 1485 2
1485 1486 2
1486 1487 2
1487 1488 2
1488 1489 2
1489 1490 2
1490 1491 2
1491 1492 2
1492 1493 2
1493 1494 2
1494 1495 2
1495 1496 2
1496 1497 2
1497 1498 2
1498 1499 2
1499 1500 2
1500 1501 2
1501 1502 2
1502 1503 2
1503 1504 2
1504 1505 2
1505 1506 2
1506 1507 2
1507 1508 2
1508 1509 2
1509 1510 2
1510 1511 2
1511 1512 2
1512 1513 2
1513 1514 2
1514 1515 2
1515 1516 2
1516 1517 2
1517 1518 2
1518 1519 2
1519 1520 2
1520 1521 2
1521 1522 2
1522 1523 2
1523 1524 2
1524 1525 2
1525 1526 2
1526 1527 2
1527 1528 2
1528 1529 2
1529 1530 2
1530 1531 2
1531 1532 2
1532 1533 2
1533 1534 2
1534 1535 2
1535 1536 2
1536 1537 2
1537 1538 2
1538 1539 2
1539 1540 2
1540 1541 2
1541 1542 2
1542 1543 2
1543 1544 2
1544 1545 2
1545 1546 2
1546 1547 2
1547 1548 2
1548 1549 2
1549 1550 2
1550 1551 2
1551 1552 2
1552 1553 2
1553 1554 2
1554 1555 2
1555 1556 2
1556 1557 2
1557 1558 2
1558 1559 2
1559 1560 2
1560 1561 2
1561 1562 2
1562 1563 2
1563 1564 2
1564 1565 2
1565 1566 2
1566 1567 2
1567 1568 2
1568 1569 2
1569 1570 2
1570 1571 2
1571 1572 2
1572 1573 2
1573 1574 2
1574 1575 2
1575 1576 2
1576 1577 2
1577 1578 2
1578 1579 2
1579 1580 2
1580 1581 2
1581 1582 2
1582 1583 2
1583 1584 2
1584 1585 2
1585 1586 2
1586 1587 2
1587 1588 2
1588 1589 2
1589 1590 2
1590 1591 2
1591 1592 2
1592 1593 2
1593 1594 2
1594 1595 2
1595 1596 2
1596 1597 2
1597 1598 2
1598 1599 2
1599 1600 2
1600 1601 2
1601 1602 2
1602 1603 2
1603 1604 2
1604 1605 2
1605 1606 2
1606 1607 2
1607 1608 2
1608 1609 2
1609 1610 2
1610 1611 2
1611 1612 2
1612 1613 2
1613 1614 2
1614 1615 2
1615 1616 2
1616 1617 2
1617 1618 2
1618 1619 2
1619 1620 2
1620 1621 2
1621 1622 2
1622 1623 2
1623 1624 2
1624 1625 2
1625 1626 2
1626 1627 2
1627 1628 2
1628 1629 2
1629 1630 2
1630 1631 2
1631 1632 2
1632 1633 2
1633 1634 2
1634 1635 2
1635 1636 2
1636 1637 2
1637 1638 2
1638 1639 2
1639 1640 2
1640 1641 2
1641 1642 2
1642 1643 2
1643 1644 2
1644 1645 2
1645 1646 2
1646 1647 2
1647 1648 2
1648 1649 2
1649 1650 2
1650 1651 2
1651 1652 2
1652 1653 2
1653 1654 2
1654 1655 2
1655 1656 2
1656 1657 2
1657 1658 2
1658 1659 2
1659 1660 2
1660 1661 2
1661 1662 2
1662 1663 2
1663 1664 2
1664 1665 2
1665 1666 2
1666 1667 2
1667 1668 2
1668 1669 2
1669 1670 2
1670 1671 2
1671 1672 2
1672 1673 2
1673 1674 2
1674 1675 2
1675 1676 2
1676 1677 2
1677 1678 2
1678 1679 2
1679 1680 2
1680 1681 2
1681 1682 2
1682 1683 2
1683 1684 2
1684 1685 2
1685 1686 2
1686 1687 2
1687 1688 2
1688 1689 2
1689 1690 2
1690 1691 2
1691 1692 2
1692 1693 2
1693 1694 2
1694 1695 2
1695 1696 2
1696 1697 2
1697 1698 2
1698 1699 2
1699 1700 2
1700 1701 2
1701 1702 2
1702 1703 2
1703 1704 2
1704 1705 2
1705 1706 2
1706 1707 2
1707 1708 2
1708 1709 2
1709 1710 2
1710 1711 2
1711 1712 2
1712 1713 2
1713 1714 2
1714 1715 2
1715 1716 2
1716 1717 2
1717 1718 2
1718 1719 2
1719 1720 2
1720 1721 2
1721 1722 2
1722 1723 2
1723 1724 2
1724 1725 2
1725 1726 2
1726 1727 2
1727 1728 2
1728 1729 2
1729 1730 2
1730 1731 2
1731 1732 2
1732 1733 2
1733 1734 2
1734 1735 2
1735 1736 2
1736 1737 2
1737 1738 2
1738 1739 2
1739 1740 2
1740 1741 2
1741 1742 2
1742 1743 2
1743 1744 2
1744 1745 2
1745 1746 2
1746 1747 2
1747 1748 2
1748 1749 2
1749 1750 2
1750 1751 2
1751 1752 2
1752 1753 2
1753 1754 2
1754 1755 2
1755 1756 2
1756 1757 2
1757 1758 2
1758 1759 2
1759 1760 2
1760 1761 2
1761 1762 2
1762 1763 2
1763 1764 2
1764 1765 2
1765 1766 2
1766 1767 2
1767 1768 2
1768 1769 2
1769 1770 2
1770 1771 2
1771 1772 2
1772 1773 2
1773 1774 2
1774 1775 2
1775 1776 2
1776 1777 2
1777 1778 2
1778 1779 2
1779 1780 2
1780 1781 2
1781 1782 2
1782 1783 2
1783 1784 2
1784 1785 2
1785 1786 2
1786 1787 2
1787 1788 2
1788 1789 2
1789 1790 2
1790 1791 2
1791 1792 2
1792 1793 2
1793 1794 2
1794 1795 2
1795 1796 2
1796 1797 2
1797 1798 2
1798 1799 2
1799 1800 2
1800 1801 2
1801 1802 2
1802 1803 2
1803 1804 2
1804 1805 2
1805 1806 2
1806 1807 2
1807 1808 2
1808 1809 2
1809 1810 2
1810 1811 2
1811 1812 2
1812 1813 2
1813 1814 2
1814 1815 2
1815 1816 2
1816 1817 2
1817 1818 2
1818 1819 2
1819 1820 2
1820 1821 2
1821 1822 2
1822 1823 2
1823 1824 2
1824 1825 2
1825 1826 2
1826 1827 2
1827 1828 2
1828 1829 2
1829 1830 2
1830 1831 2
1831 1832 2
1832 1833 2
1833 1834 2
1834 1835 2
1835 1836 2
1836 1837 2
1837 1838 2
1838 1839 2
1839 1840 2
1840 1841 2
1841 1842 2
1842 1843 2
1843 1844 2
1844 1845 2
1845 1846 2
1846 1847 2
1847 1848 2
1848 1849 2
1849 1850 2
1850 1851 2
1851 1852 2
1852 1853 2
1853 1854 2
1854 1855 2
1855 1856 2
1856 1857 2
1857 1858 2
1858 1859 2
1859 1860 2
1860 1861 2
1861 1862 2
1862 1863 2
1863 1864 2
1864 1865 2
1865 1866 2
1866 1867 2
1867 1868 2
1868 1869 2
1869 1870 2
1870 1871 2
1871 1872 2
1872 1873 2
1873 1874 2
1874 1875 2
1875 1876 2
1876 1877 2
1877 1878 2
1878 1879 2
1879 1880 2
1880 1881 2
1881 1882 2
1882 1883 2
1883 1884 2
1884 1885 2
1885 1886 2
1886 1887 2
1887 1888 2
1888 1889 2
1889 1890 2
1890 1891 2
1891 1892 2
1892 1893 2
1893 1894 2
1894 1895 2
1895 1896 2
1896 1897 2
1897 1898 2
1898 1899 2
1899 1900 2
1900 1901 2
1901 1902 2
1902 1903 2
1903 1904 2
1904 1905 2
1905 1906 2
1906 1907 2
1907 1908 2
1908 1909 2
1909 1910 2
1910 1911 2
1911 1912 2
1912 1913 2
1913 1914 2
1914 1915 2
1915 1916 2
1916 1917 2
1917 1918 2
1918 1919 2
1919 1920 2
1920 1921 2
1921 1922 2
1922 1923 2
1923 1924 2
1924 1925 2
1925 1926 2
1926 1927 2
1927 1928 2
1928 1929 2
1929 1930 2
1930 1931 2
1931 1932 2
1932 1933 2
1933 1934 2
1934 1935 2
1935 1936 2
1936 1937 2
1937 1938 2
1938 1939 2
1939 1940 2
1940 1941 2
1941 1942 2
1942 1943 2
1943 1944 2
1944 1945 2
1945 1946 2
1946 1947 2
1947 1948 2
1948 1949 2
1949 1950 2
1950 1951 2
1951 1952 2
1952 1953 2
1953 1954 2
1954 1955 2
1955 1956 2
1956 1957 2
1957 1958 2
1958 1959 2
1959 1960 2
1960 1961 2
1961 1962 2
1962 1963 2
1963 1964 2
1964 1965 2
1965 1966 2
1966 1967 2
1967 1968 2
1968 1969 2
1969 1970 2
1970 1971 2
1971 1972 2
1972 1973 2
1973 1974 2
1974 1975 2
1975 1976 2
1976 1977 2
1977 1978 2
1978 1979 2
1979 1980 2
1980 1981 2
1981 1982 2
1982 1983 2
1983 1984 2
1984 1985 2
1985 1986 2
1986 1987 2
1987 1988 2
1988 1989 2
1989 1990 2
1990 1991 2
1991 1992 2
1992 1993 2
1993 1994 2
1994 1995 2
1995 1996 2
1996 1997 2
1997 1998 2
1998 1999 2
1999 2000 2
2000 2001 2
2001 2002 2
2002 2003 2
2003 2004 2
2004 2005 2
2005 2006 2
2006 2007 2
2007 2008 2
2008 2009 2
2009 2010 2
2010 2011 2
2011 2012 2
2012 2013 2
2013 2014 2
2014 2015 2
2015 2016 2
2016 2017 2
2017 2018 2
2018 2019 2
2019 2020 2
2020 2021 2
2021 2022 2
2022 2023 2
2023 2024 2
2024 2025 2
2025 2026 2
2026 2027 2
2027 2028 2
2028 2029 2
2029 2030 2
2030 2031 2
2031 2032 2
2032 2033 2
2033 2034 2
2034 2035 2
2035 2036 2
2036 2037 2
2037 2038 2
2038 2039 2
2039 2040 2
2040 2041 2
2041 2042 2
2042 2043 2
2043 2044 2
2044 2045 2
2045 2046 2
2046 2047 2
2047 2048 2
2048 2049 2
2049 2050 2
2050 2051 2
2051 2052 2
2052 2053 2
2053 2054 2
2054 2055 2
2055 2056 2
2056 2057 2
2057 2058 2
2058 2059 2
2059 2060 2
2060 2061 2
2061 2062 2
2062 2063 2
2063 2064 2
2064 2065 2
2065 2066 2
2066 2067 2
2067 2068 2
2068 2069 2
2069 2070 2
2070 2071 2
2071 2072 2
2072 2073 2
2073 2074 2
2074 2075 2
2075 2076 2
2076 2077 2
2077 2078 2
2078 2079 2
2079 2080 2
2080 2081 2
2081 2082 2
2082 2083 2
2083 2084 2
2084 2085 2
2085 2086 2
2086 2087 2
2087 2088 2
2088 2089 2
2089 2090 2
2090 2091 2
2091 2092 2
2092 2093 2
2093 2094 2
2094 2095 2
2095 2096 2
2096 2097 2
2097 2098 2
2098 2099 2
2099 2100 2
2100 2101 2
2101 2102 2
2102 2103 2
2103 2104 2
2104 2105 2
2105 2106 2
2106 2107 2
2107 2108 2
2108 2109 2
2109 2110 2
2110 2111 2
2111 2112 2
2112 2113 2
2113 2114 2
2114 2115 2
2115 2116 2
2116 2117 2
2117 2118 2
2118 2119 2
2119 2120 2
2120 2121 2
2121 2122 2
2122 2123 2
2123 2124 2
2124 2125 2
2125 2126 2
2126 2127 2
2127 2128 2
2128 2129 2
2129 2130 2
2130 2131 2
2131 2132 2
2132 2133 2
2133 2134 2
2134 2135 2
2135 2136 2
2136 2137 2
2137 2138 2
2138 2139 2
2139 2140 2
2140 2141 2
2141 2142 2
2142 2143 2
2143 2144 2
2144 2145 2
2145 2146 2
2146 2147 2
2147 2148 2
2148 2149 2
2149 2150 2
2150 2151 2
2151 2152 2
2152 2153 2
2153 2154 2
2154 2155 2
2155 2156 2
2156 2157 2
2157 2158 2
2158 2159 2
2159 2160 2
2160 2161 2
2161 2162 2
2162 2163 2
2163 2164 2
2164 2165 2
2165 2166 2
2166 2167 2
2167 2168 2
2168 2169 2
2169 2170 2
2170 2171 2
2171 2172 2
2172 2173 2
2173 2174 2
2174 2175 2
2175 2176 2
2176 2177 2
2177 2178 2
2178 2179 2
2179 2180 2
2180 2181 2
2181 2182 2
2182 2183 2
2183 2184 2
2184 2185 2
2185 2186 2
2186 2187 2
2187 2188 2
2188 2189 2
2189 2190 2
2190 2191 2
2191 2192 2
2192 2193 2
2193 2194 2
2194 2195 2
2195 2196 2
2196 2197 2
2197 2198 2
2198 2199 2
2199 2200 2
2200 2201 2
2201 2202 2
2202 2203 2
2203 2204 2
2204 2205 2
2205 2206 2
2206 2207 2
2207 2208 2
2208 2209 2
2209 2210 2
2210 2211 2
2211 2212 2
2212 2213 2
2213 2214 2
2214 2215 2
2215 2216 2
2216 2217 2
2217 2218 2
2218 2219 2
2219 2220 2
2220 2221 2
2221 2222 2
2222 2223 2
2223 2224 2
2224 2225 2
2225 2226 2
2226 2227 2
2227 2228 2
2228 2229 2
2229 2230 2
2230 2231 2
2231 2232 2
2232 2233 2
2233 2234 2
2234 2235 2
2235 2236 2
2236 2237 2
2237 2238 2
2238 2239 2
2239 2240 2
2240 2241 2
2241 2242 2
2242 2243 2
2243 2244 2
2244 2245 2
2245 2246 2
2246 2247 2
2247 2248 2
2248 2249 2
2249 2250 2
2250 2251 2
2251 2252 2
2252 2253 2
2253 2254 2
2254 2255 2
2255 2256 2
2256 2257 2
2257 2258 2
2258 2259 2
2259 2260 2
2260 2261 2
2261 2262 2
2262 2263 2
2263 2264 2
2264 2265 2
2265 2266 2
2266 2267 2
2267 2268 2
2268 2269 2
2269 2270 2
2270 2271 2
2271 2272 2
2272 2273 2
2273 2274 2
2274 2275 2
2275 2276 2
2276 2277 2
2277 2278 2
2278 2279 2
2279 2280 2
2280 2281 2
2281 2282 2
2282 2283 2
2283 2284 2
2284 2285 2
2285 2286 2
2286 2287 2
2287 2288 2
2288 2289 2
2289 2290 2
2290 2291 2
2291 2292 2
2292 2293 2
2293 2294 2
2294 2295 2
2295 2296 2
2296 2297 2
2297 2298 2
2298 2299 2
2299 2300 2
2300 2301 2
2301 2302 2
2302 2303 2
2303 2304 2
2304 2305 2
2305 2306 2
2306 2307 2
2307 2308 2
2308 2309 2
2309 2310 2
2310 2311 2
2311 2312 2
2312 2313 2
2313 2314 2
2314 2315 2
2315 2316 2
2316 2317 2
2317 2318 2
2318 2319 2
2319 2320 2
2320 2321 2
2321 2322 2
2322 2323 2
2323 2324 2
2324 2325 2
2325 2326 2
2326 2327 2
2327 2328 2
2328 2329 2
2329 2330 2
2330 2331 2
2331 2332 2
2332 2333 2
2333 2334 2
2334 2335 2
2335 2336 2
2336 2337 2
2337 2338 2
2338 2339 2
2339 2340 2
2340 2341 2
2341 2342 2
2342 2343 2
2343 2344 2
2344 2345 2
2345 2346 2
2346 2347 2
2347 2348 2
2348 2349 2
2349 2350 2
2350 2351 2
2351 2352 2
2352 2353 2
2353 2354 2
2354 2355 2
2355 2356 2
2356 2357 2
2357 2358 2
2358 2359 2
2359 2360 2
2360 2361 2
2361 2362 2
2362 2363 2
2363 2364 2
2364 2365 2
2365 2366 2
2366 2367 2
2367 2368 2
2368 2369 2
2369 2370 2
2370 2371 2
2371 2372 2
2372 2373 2
2373 2374 2
2374 2375 2
2375 2376 2
2376 2377 2
2377 2378 2
2378 2379 2
2379 2380 2
2380 2381 2
2381 2382 2
2382 2383 2
2383 2384 2
2384 2385 2
2385 2386 2
2386 2387 2
2387 2388 2
2388 2389 2
2389 2390 2
2390 2391 2
2391 2392 2
2392 2393 2
2393 2394 2
2394 2395 2
2395 2396 2
2396 2397 2
2397 2398 2
2398 2399 2
2399 2400 2
2400 2401 2
2401 2402 2
2402 2403 2
2403 2404 2
2404 2405 2
2405 2406 2
2406 2407 2
2407 2408 2
2408 2409 2
2409 2410 2
2410 2411 2
2411 2412 2
2412 2413 2
2413 2414 2
2414 2415 2
2415 2416 2
2416 2417 2
2417 2418 2
2418 2419 2
2419 2420 2
2420 2421 2
2421 2422 2
2422 2423 2
2423 2424 2
2424 2425 2
2425 2426 2
2426 2427 2
2427 2428 2
2428 2429 2
2429 2430 2
2430 2431 2
2431 2432 2
2432 2433 2
2433 2434 2
2434 2435 2
2435 2436 2
2436 2437 2
2437 2438 2
2438 2439 2
2439 2440 2
2440 2441 2
2441 2442 2
2442 2443 2
2443 2444 2
2444 2445 2
2445 2446 2
2446 2447 2
2447 2448 2
2448 2449 2
2449 2450 2
2450 2451 2
2451 2452 2
2452 2453 2
2453 2454 2
2454 2455 2
2455 2456 2
2456 2457 2
2457 2458 2
2458 2459 2
2459 2460 2
2460 2461 2
2461 2462 2
2462 2463 2
2463 2464 2
2464 2465 2
2465 2466 2
2466 2467 2
2467 2468 2
2468 2469 2
2469 2470 2
2470 2471 2
2471 2472 2
2472 2473 2
2473 2474 2
2474 2475 2
2475 2476 2
2476 2477 2
2477 2478 2
2478 2479 2
2479 2480 2
2480 2481 2
2481 2482 2
2482 2483 2
2483 2484 2
2484 2485 2
2485 2486 2
2486 2487 2
2487 2488 2
2488 2489 2
2489 2490 2
2490 2491 2
2491 2492 2
2492 2493 2
2493 2494 2
2494 2495 2
2495 2496 2
2496 2497 2
2497 2498 2
2498 2499 2
2499 2500 2
2500 2501 2
2501 2502 2
2502 2503 2
2503 2504 2
2504 2505 2
2505 2506 2
2506 2507 2
2507 2508 2
2508 2509 2
2509 2510 2
2510 2511 2
2511 2512 2
2512 2513 2
2513 2514 2
2514 2515 2
2515 2516 2
2516 2517 2
2517 2518 2
2518 2519 2
2519 2520 2
2520 2521 2
2521 2522 2
2522 2523 2
2523 2524 2
2524 2525 2
2525 2526 2
2526 2527 2
2527 2528 2
2528 2529 2
2529 2530 2
2530 2531 2
2531 2532 2
2532 2533 2
2533 2534 2
2534 2535 2
2535 2536 2
2536 2537 2
2537 2538 2
2538 2539 2
2539 2540 2
2540 2541 2
2541 2542 2
2542 2543 2
2543 2544 2
2544 2545 2
2545 2546 2
2546 2547 2
2547 2548 2
2548 2549 2
2549 2550 2
2550 2551 2
2551 2552 2
2552 2553 2
2553 2554 2
2554 2555 2
2555 2556 2
2556 2557 2
2557 2558 2
2558 2559 2
2559 2560 2
2560 2561 2
2561 2562 2
2562 2563 2
2563 2564 2
2564 2565 2
2565 2566 2
2566 2567 2
2567 2568 2
2568 2569 2
2569 2570 2
2570 2571 2
2571 2572 2
2572 2573 2
2573 2574 2
2574 2575 2
2575 2576 2
2576 2577 2
2577 2578 2
2578 2579 2
2579 2580 2
2580 2581 2
2581 2582 2
2582 2583 2
2583 2584 2
2584 2585 2
2585 2586 2
2586 2587 2
2587 2588 2
2588 2589 2
2589 2590 2
2590 2591 2
2591 2592 2
2592 2593 2
2593 2594 2
2594 2595 2
2595 2596 2
2596 2597 2
2597 2598 2
2598 2599 2
2599 2600 2
2600 2601 2
2601 2602 2
2602 2603 2
2603 2604 2
2604 2605 2
2605 2606 2
2606 2607 2
2607 2608 2
2608 2609 2
2609 2610 2
2610 2611 2
2611 2612 2
2612 2613 2
2613 2614 2
2614 2615 2
2615 2616 2
2616 2617 2
2617 2618 2
2618 2619 2
2619 2620 2
2620 2621 2
2621 2622 2
2622 2623 2
2623 2624 2
2624 2625 2
2625 2626 2
2626 2627 2
2627 2628 2
2628 2629 2
2629 2630 2
2630 2631 2
2631 2632 2
2632 2633 2
2633 2634 2
2634 2635 2
2635 2636 2
2636 2637 2
2637 2638 2
2638 2639 2
2639 2640 2
2640 2641 2
2641 2642 2
2642 2643 2
2643 2644 2
2644 2645 2
2645 2646 2
2646 2647 2
2647 2648 2
2648 2649 2
2649 2650 2
2650 2651 2
2651 2652 2
2652 2653 2
2653 2654 2
2654 2655 2
2655 2656 2
2656 2657 2
2657 2658 2
2658 2659 2
2659 2660 2
2660 2661 2
2661 2662 2
2662 2663 2
2663 2664 2
2664 2665 2
2665 2666 2
2666 2667 2
2667 2668 2
2668 2669 2
2669 2670 2
2670 2671 2
2671 2672 2
2672 2673 2
2673 2674 2
2674 2675 2
2675 2676 2
2676 2677 2
2677 2678 2
2678 2679 2
2679 2680 2
2680 2681 2
2681 2682 2
2682 2683 2
2683 2684 2
2684 2685 2
2685 2686 2
2686 2687 2
2687 2688 2
2688 2689 2
2689 2690 2
2690 2691 2
2691 2692 2
2692 2693 2
2693 2694 2
2694 2695 2
2695 2696 2
2696 2697 2
2697 2698 2
2698 2699 2
2699 2700 2
2700 2701 2
2701 2702 2
2702 2703 2
2703 2704 2
2704 2705 2
2705 2706 2
2706 2707 2
2707 2708 2
2708 2709 2
2709 2710 2
2710 2711 2
2711 2712 2
2712 2713 2
2713 2714 2
2714 2715 2
2715 2716 2
2716 2717 2
2717 2718 2
2718 2719 2
2719 2720 2
2720 2721 2
2721 2722 2
2722 2723 2
2723 2724 2
2724 2725 2
2725 2726 2
2726 2727 2
2727 2728 2
2728 2729 2
2729 2730 2
2730 2731 2
2731 2732 2
2732 2733 2
2733 2734 2
2734 2735 2
2735 2736 2
2736 2737 2
2737 2738 2
2738 2739 2
2739 2740 2
2740 2741 2
2741 2742 2
2742 2743 2
2743 2744 2
2744 2745 2
2745 2746 2
2746 2747 2
2747 2748 2
2748 2749 2
2749 2750 2
2750 2751 2
2751 2752 2
2752 2753 2
2753 2754 2
2754 2755 2
2755 2756 2
2756 2757 2
2757 2758 2
2758 2759 2
2759 2760 2
2760 2761 2
2761 2762 2
2762 2763 2
2763 2764 2
2764 2765 2
2765 2766 2
2766 2767 2
2767 2768 2
2768 2769 2
2769 2770 2
2770 2771 2
2771 2772 2
2772 2773 2
2773 2774 2
2774 2775 2
2775 2776 2
2776 2777 2
2777 2778 2
2778 2779 2
2779 2780 2
2780 2781 2
2781 2782 2
2782 2783 2
2783 2784 2
2784 2785 2
2785 2786 2
2786 2787 2
2787 2788 2
2788 2789 2
2789 2790 2
2790 2791 2
2791 2792 2
2792 2793 2
2793 2794 2
2794 2795 2
2795 2796 2
2796 2797 2
2797 2798 2
2798 2799 2
2799 2800 2
2800 2801 2
2801 2802 2
2802 2803 2
2803 2804 2
2804 2805 2
2805 2806 2
2806 2807 2
2807 2808 2
2808 2809 2
2809 2810 2
2810 2811 2
2811 2812 2
2812 2813 2
2813 2814 2
2814 2815 2
2815 2816 2
2816 2817 2
2817 2818 2
2818 2819 2
2819 2820 2
2820 2821 2
2821 2822 2
2822 2823 2
2823 2824 2
2824 2825 2
2825 2826 2
2826 2827 2
2827 2828 2
2828 2829 2
2829 2830 2
2830 2831 2
2831 2832 2
2832 2833 2
2833 2834 2
2834 2835 2
2835 2836 2
2836 2837 2
2837 2838 2
2838 2839 2
2839 2840 2
2840 2841 2
2841 2842 2
2842 2843 2
2843 2844 2
2844 2845 2
2845 2846 2
2846 2847 2
2847 2848 2
2848 2849 2
2849 2850 2
2850 2851 2
2851 2852 2
2852 2853 2
2853 2854 2
2854 2855 2
2855 2856 2
2856 2857 2
2857 2858 2
2858 2859 2
2859 2860 2
2860 2861 2
2861 2862 2
2862 2863 2
2863 2864 2
2864 2865 2
2865 2866 2
2866 2867 2
2867 2868 2
2868 2869 2
2869 2870 2
2870 2871 2
2871 2872 2
2872 2873 2
2873 2874 2
2874 2875 2
2875 2876 2
2876 2877 2
2877 2878 2
2878 2879 2
2879 2880 2
2880 2881 2
2881 2882 2
2882 2883 2
2883 2884 2
2884 2885 2
2885 2886 2
2886 2887 2
2887 2888 2
2888 2889 2
2889 2890 2
2890 2891 2
2891 2892 2
2892 2893 2
2893 2894 2
2894 2895 2
2895 2896 2
2896 2897 2
2897 2898 2
2898 2899 2
2899 2900 2
2900 2901 2
2901 2902 2
2902 2903 2
2903 2904 2
2904 2905 2
2905 2906 2
2906 2907 2
2907 2908 2
2908 2909 2
2909 2910 2
2910 2911 2
2911 2912 2
2912 2913 2
2913 2914 2
2914 2915 2
2915 2916 2
2916 2917 2
2917 2918 2
2918 2919 2
2919 2920 2
2920 2921 2
2921 2922 2
2922 2923 2
2923 2924 2
2924 2925 2
2925 2926 2
2926 2927 2
2927 2928 2
2928 2929 2
2929 2930 2
2930 2931 2
2931 2932 2
2932 2933 2
2933 2934 2
2934 2935 2
2935 2936 2
2936 2937 2
2937 2938 2
2938 2939 2
2939 2940 2
2940 2941 2
2941 2942 2
2942 2943 2
2943 2944 2
2944 2945 2
2945 2946 2
2946 2947 2
2947 2948 2
2948 2949 2
2949 2950 2
2950 2951 2
2951 2952 2
2952 2953 2
2953 2954 2
2954 2955 2
2955 2956 2
2956 2957 2
2957 2958 2
2958 2959 2
2959 2960 2
2960 2961 2
2961 2962 2
2962 2963 2
2963 2964 2
2964 2965 2
2965 2966 2
2966 2967 2
2967 2968 2
2968 2969 2
2969 2970 2
2970 2971 2
2971 2972 2
2972 2973 2
2973 2974 2
2974 2975 2
2975 2976 2
2976 2977 2
2977 2978 2
2978 2979 2
2979 2980 2
2980 2981 2
2981 2982 2
2982 2983 2
2983 2984 2
2984 2985 2
2985 2986 2
2986 2987 2
2987 2988 2
2988 2989 2
2989 2990 2
2990 2991 2
2991 2992 2
2992 2993 2
2993 2994 2
2994 2995 2
2995 2996 2
2996 2997 2
2997 2998 2
2998 2999 2
2999 3000 2
1 3000 5997
